CoflowID	Mapper	Reducer	DataSize(KB)	Starttime	Endtime	Interval
COFLOWID7	1	142	2045	1579778532.59	1579779083.93	551.341385841
COFLOWID7	9	142	2045	1579778533.89	1579779105.09	571.203940153
COFLOWID7	17	142	2045	1579778536.11	1579779125.04	588.935961008
COFLOWID7	25	142	2045	1579778536.11	1579779126.85	590.744994164
COFLOWID7	33	142	2045	1579778549.17	1579779155.95	606.783982992
COFLOWID7	41	142	2045	1579778558.11	1579779170.61	612.496007919
COFLOWID7	73	142	2045	1579778558.11	1579779172.28	614.164004087
COFLOWID7	81	142	2045	1579778582.79	1579779191.41	608.611958981
COFLOWID7	89	142	2045	1579778582.79	1579779193.05	610.256119967
COFLOWID7	97	142	2045	1579778582.79	1579779194.97	612.176033974
COFLOWID7	113	142	2045	1579778582.79	1579779196.82	614.027972937
COFLOWID7	137	142	2045	1579778600.73	1579779200.45	599.7280159
COFLOWID6	65	1	1022	1579778501.64	1579779412.43	910.797585011
COFLOWID6	65	2	1022	1579778501.64	1579779412.43	910.797616005
COFLOWID6	65	8	1022	1579778501.64	1579779412.43	910.797625065
COFLOWID6	65	11	1022	1579778501.64	1579779412.43	910.797631025
COFLOWID6	65	12	1022	1579778501.64	1579779412.43	910.797637939
COFLOWID6	65	14	1022	1579778501.64	1579779412.43	910.7976439
COFLOWID6	65	16	1022	1579778501.64	1579779412.43	910.797650099
COFLOWID6	65	18	1022	1579778501.64	1579779412.43	910.797655106
COFLOWID6	65	21	1022	1579778501.64	1579779412.43	910.797661066
COFLOWID6	65	23	1022	1579778501.64	1579779412.43	910.797667027
COFLOWID6	65	26	1022	1579778501.64	1579779412.43	910.797672987
COFLOWID6	65	27	1022	1579778501.64	1579779412.43	910.797679901
COFLOWID6	65	30	1022	1579778501.64	1579779412.43	910.7976861
COFLOWID6	65	33	1022	1579778501.64	1579779412.43	910.797693968
COFLOWID6	65	37	1022	1579778501.64	1579779412.43	910.797698975
COFLOWID6	65	44	1022	1579778501.64	1579779412.43	910.797708035
COFLOWID6	65	63	1022	1579778501.64	1579779412.43	910.797732115
COFLOWID6	65	67	1022	1579778501.64	1579779412.43	910.797739983
COFLOWID6	65	71	1022	1579778501.64	1579779412.44	910.799581051
COFLOWID6	65	74	1022	1579778501.64	1579779412.44	910.799595118
COFLOWID6	65	76	1022	1579778501.64	1579779412.44	910.799603939
COFLOWID6	65	116	1022	1579778501.64	1579779412.44	910.79965806
COFLOWID6	65	120	1022	1579778501.64	1579779412.44	910.799674988
COFLOWID6	65	132	1022	1579778501.64	1579779412.44	910.802758932
COFLOWID6	65	136	1022	1579778501.64	1579779412.44	910.802777052
COFLOWID6	65	142	1022	1579778501.64	1579779412.44	910.802783012
COFLOWID6	65	143	1022	1579778501.64	1579779412.44	910.802789927
COFLOWID6	65	0	2045	1579778501.64	1579779617.15	1115.50958109
COFLOWID6	65	9	2045	1579778501.64	1579779617.15	1115.51005793
COFLOWID6	65	34	2045	1579778501.64	1579779617.15	1115.51007295
COFLOWID6	65	48	2045	1579778501.64	1579779617.15	1115.51110196
COFLOWID6	65	61	2045	1579778501.64	1579779617.15	1115.51111197
COFLOWID6	65	64	2045	1579778501.64	1579779617.15	1115.51111794
COFLOWID6	65	66	2045	1579778501.64	1579779617.22	1115.58552408
COFLOWID6	65	75	2045	1579778501.64	1579779617.22	1115.58554101
COFLOWID6	65	51	3068	1579778501.64	1579779656.54	1154.90157008
COFLOWID6	65	53	3068	1579778501.64	1579779656.54	1154.90159106
COFLOWID9	17	0	1022	1579778536.59	1579782713.11	4176.51999903
COFLOWID9	17	1	1022	1579778536.59	1579782713.12	4176.52534103
COFLOWID9	17	3	1022	1579778536.59	1579782713.12	4176.52535701
COFLOWID9	17	7	1022	1579778536.59	1579782713.12	4176.52536416
COFLOWID9	17	10	1022	1579778536.59	1579782713.12	4176.52537298
COFLOWID9	17	11	1022	1579778536.59	1579782713.12	4176.52756095
COFLOWID9	17	13	1022	1579778536.59	1579782713.12	4176.52757406
COFLOWID9	17	17	1022	1579778536.59	1579782713.12	4176.52758098
COFLOWID9	17	19	1022	1579778536.59	1579782713.12	4176.52758908
COFLOWID9	17	22	1022	1579778536.59	1579782713.12	4176.52762508
COFLOWID9	17	27	1022	1579778536.59	1579782713.12	4176.52763414
COFLOWID9	17	35	1022	1579778536.59	1579782713.12	4176.5276401
COFLOWID9	17	36	1022	1579778536.59	1579782713.12	4176.52764797
COFLOWID9	17	43	1022	1579778536.59	1579782713.12	4176.52767301
COFLOWID9	17	47	1022	1579778536.59	1579782713.12	4176.52768111
COFLOWID9	17	50	1022	1579778536.59	1579782713.12	4176.53039002
COFLOWID9	17	51	1022	1579778536.59	1579782713.12	4176.53040314
COFLOWID9	17	53	1022	1579778536.59	1579782713.12	4176.5304091
COFLOWID9	17	54	1022	1579778536.59	1579782713.12	4176.53041601
COFLOWID9	17	57	1022	1579778536.59	1579782713.13	4176.53545403
COFLOWID9	17	59	1022	1579778536.59	1579782713.13	4176.53546715
COFLOWID9	17	60	1022	1579778536.59	1579782713.13	4176.53547311
COFLOWID9	17	67	1022	1579778536.59	1579782713.13	4176.53548002
COFLOWID9	17	71	1022	1579778536.59	1579782713.13	4176.53600001
COFLOWID9	17	75	1022	1579778536.59	1579782713.13	4176.53601003
COFLOWID9	17	77	1022	1579778536.59	1579782713.13	4176.53601599
COFLOWID9	17	82	1022	1579778536.59	1579782713.13	4176.53602314
COFLOWID9	17	87	1022	1579778536.59	1579782713.14	4176.54609704
COFLOWID9	17	101	1022	1579778536.59	1579782713.14	4176.54611206
COFLOWID9	17	102	1022	1579778536.59	1579782713.14	4176.54611897
COFLOWID9	17	113	1022	1579778536.59	1579782713.14	4176.54612613
COFLOWID9	17	123	1022	1579778536.59	1579782713.14	4176.54613304
COFLOWID9	17	124	1022	1579778536.59	1579782713.14	4176.54613996
COFLOWID9	17	125	1022	1579778536.59	1579782713.14	4176.54614496
COFLOWID9	17	132	1022	1579778536.59	1579782713.14	4176.54615307
COFLOWID9	17	133	1022	1579778536.59	1579782713.15	4176.55255103
COFLOWID9	17	141	1022	1579778536.59	1579782713.15	4176.55256295
COFLOWID9	17	142	1022	1579778536.59	1579782713.15	4176.55256915
COFLOWID9	17	144	1022	1579778536.59	1579782713.15	4176.55257607
COFLOWID9	17	145	1022	1579778536.59	1579782713.15	4176.55258107
COFLOWID9	17	146	1022	1579778536.59	1579782713.15	4176.55258703
COFLOWID9	17	149	1022	1579778536.59	1579782713.15	4176.55259204
COFLOWID9	33	0	1022	1579778631.66	1579782987.19	4355.53200006
COFLOWID9	33	1	1022	1579778631.66	1579782987.2	4355.539078
COFLOWID9	33	3	1022	1579778631.66	1579782987.2	4355.53909612
COFLOWID9	33	7	1022	1579778631.66	1579782987.2	4355.53910494
COFLOWID9	33	10	1022	1579778631.66	1579782987.2	4355.539114
COFLOWID9	33	11	1022	1579778631.66	1579782987.21	4355.55113006
COFLOWID9	33	13	1022	1579778631.66	1579782987.21	4355.55114007
COFLOWID9	33	17	1022	1579778631.66	1579782987.21	4355.55114508
COFLOWID9	33	19	1022	1579778631.66	1579782987.21	4355.55114794
COFLOWID9	33	22	1022	1579778631.66	1579782987.21	4355.55115104
COFLOWID9	33	27	1022	1579778631.66	1579782987.21	4355.5511539
COFLOWID9	33	35	1022	1579778631.66	1579782987.21	4355.551157
COFLOWID9	33	36	1022	1579778631.66	1579782987.21	4355.551162
COFLOWID9	33	43	1022	1579778631.66	1579782987.21	4355.5511651
COFLOWID9	33	47	1022	1579778631.66	1579782987.21	4355.55116796
COFLOWID9	33	50	1022	1579778631.66	1579782987.21	4355.55117011
COFLOWID9	33	51	1022	1579778631.66	1579782987.21	4355.55117512
COFLOWID9	33	53	1022	1579778631.66	1579782987.21	4355.55117798
COFLOWID9	33	54	1022	1579778631.66	1579782987.21	4355.55118108
COFLOWID9	33	57	1022	1579778631.66	1579782987.21	4355.55118394
COFLOWID9	33	59	1022	1579778631.66	1579782987.21	4355.55118799
COFLOWID9	33	60	1022	1579778631.66	1579782987.21	4355.55119109
COFLOWID9	33	67	1022	1579778631.66	1579782987.21	4355.55119491
COFLOWID9	33	71	1022	1579778631.66	1579782987.21	4355.55119896
COFLOWID9	33	75	1022	1579778631.66	1579782987.21	4355.55120206
COFLOWID9	33	77	1022	1579778631.66	1579782987.21	4355.55120492
COFLOWID9	33	82	1022	1579778631.66	1579782987.21	4355.55120897
COFLOWID9	33	87	1022	1579778631.66	1579782987.21	4355.55121207
COFLOWID9	33	101	1022	1579778631.66	1579782987.21	4355.55121398
COFLOWID9	33	102	1022	1579778631.66	1579782987.21	4355.55121803
COFLOWID9	33	113	1022	1579778631.66	1579782987.21	4355.55122209
COFLOWID9	33	123	1022	1579778631.66	1579782987.21	4355.55122399
COFLOWID9	33	124	1022	1579778631.66	1579782987.21	4355.55122709
COFLOWID9	33	125	1022	1579778631.66	1579782987.21	4355.55122995
COFLOWID9	33	132	1022	1579778631.66	1579782987.21	4355.5512321
COFLOWID9	33	133	1022	1579778631.66	1579782987.21	4355.55123496
COFLOWID9	33	141	1022	1579778631.66	1579782987.21	4355.55123806
COFLOWID9	33	142	1022	1579778631.66	1579782987.21	4355.55124211
COFLOWID9	33	144	1022	1579778631.66	1579782987.21	4355.5512681
COFLOWID9	33	145	1022	1579778631.66	1579782987.21	4355.55127096
COFLOWID9	33	146	1022	1579778631.66	1579782987.21	4355.55127406
COFLOWID9	33	149	1022	1579778631.66	1579782987.21	4355.55127811
COFLOWID9	49	0	1022	1579778631.66	1579783030.84	4399.18401289
COFLOWID9	49	1	1022	1579778631.66	1579783030.84	4399.18404794
COFLOWID9	49	3	1022	1579778631.66	1579783030.84	4399.184057
COFLOWID9	49	7	1022	1579778631.66	1579783030.84	4399.18406487
COFLOWID9	49	10	1022	1579778631.66	1579783030.84	4399.18407083
COFLOWID9	49	11	1022	1579778631.66	1579783030.84	4399.18407679
COFLOWID9	49	13	1022	1579778631.66	1579783030.84	4399.18408298
COFLOWID9	49	17	1022	1579778631.66	1579783030.84	4399.18408895
COFLOWID9	49	19	1022	1579778631.66	1579783030.84	4399.18409586
COFLOWID9	49	22	1022	1579778631.66	1579783030.84	4399.18410087
COFLOWID9	49	27	1022	1579778631.66	1579783030.84	4399.18410897
COFLOWID9	49	35	1022	1579778631.66	1579783030.84	4399.18411589
COFLOWID9	49	36	1022	1579778631.66	1579783030.84	4399.1841228
COFLOWID9	49	43	1022	1579778631.66	1579783030.84	4399.18412995
COFLOWID9	49	47	1022	1579778631.66	1579783030.84	4399.18413687
COFLOWID9	49	50	1022	1579778631.66	1579783030.84	4399.18414497
COFLOWID9	49	51	1022	1579778631.66	1579783030.84	4399.18429899
COFLOWID9	49	53	1022	1579778631.66	1579783030.84	4399.18430901
COFLOWID9	49	54	1022	1579778631.66	1579783030.84	4399.18431687
COFLOWID9	49	57	1022	1579778631.66	1579783030.84	4399.18432283
COFLOWID9	49	59	1022	1579778631.66	1579783030.84	4399.18432999
COFLOWID9	49	60	1022	1579778631.66	1579783030.84	4399.1843369
COFLOWID9	49	67	1022	1579778631.66	1579783030.84	4399.18434191
COFLOWID9	49	71	1022	1579778631.66	1579783030.84	4399.18435192
COFLOWID9	49	75	1022	1579778631.66	1579783030.84	4399.18435884
COFLOWID9	49	77	1022	1579778631.66	1579783030.84	4399.18436599
COFLOWID9	49	82	1022	1579778631.66	1579783030.84	4399.18437195
COFLOWID9	49	87	1022	1579778631.66	1579783030.84	4399.18437886
COFLOWID9	49	101	1022	1579778631.66	1579783030.84	4399.18438482
COFLOWID9	49	102	1022	1579778631.66	1579783030.84	4399.18449283
COFLOWID9	49	113	1022	1579778631.66	1579783030.84	4399.18450093
COFLOWID9	49	123	1022	1579778631.66	1579783030.84	4399.1845088
COFLOWID9	49	124	1022	1579778631.66	1579783030.84	4399.18454289
COFLOWID9	49	125	1022	1579778631.66	1579783030.84	4399.184551
COFLOWID9	49	132	1022	1579778631.66	1579783030.84	4399.18455696
COFLOWID9	49	133	1022	1579778631.66	1579783030.84	4399.18456388
COFLOWID9	49	141	1022	1579778631.66	1579783030.84	4399.18463492
COFLOWID9	49	142	1022	1579778631.66	1579783030.84	4399.18470192
COFLOWID9	49	144	1022	1579778631.66	1579783030.84	4399.18470693
COFLOWID9	49	145	1022	1579778631.66	1579783030.84	4399.18471479
COFLOWID9	49	146	1022	1579778631.66	1579783030.84	4399.18488288
COFLOWID9	49	149	1022	1579778631.66	1579783030.84	4399.18489194
COFLOWID9	89	0	1022	1579778916.81	1579783238.36	4321.55191088
COFLOWID9	89	1	1022	1579778916.81	1579783238.36	4321.552562
COFLOWID9	89	3	1022	1579778916.81	1579783238.36	4321.55257106
COFLOWID9	89	7	1022	1579778916.81	1579783238.36	4321.55257797
COFLOWID9	89	10	1022	1579778916.81	1579783238.36	4321.55259705
COFLOWID9	89	11	1022	1579778916.81	1579783238.36	4321.55260491
COFLOWID9	89	13	1022	1579778916.81	1579783238.36	4321.55261207
COFLOWID9	89	17	1022	1579778916.81	1579783238.36	4321.55261707
COFLOWID9	89	19	1022	1579778916.81	1579783238.36	4321.55262303
COFLOWID9	89	22	1022	1579778916.81	1579783238.36	4321.55262899
COFLOWID9	89	27	1022	1579778916.81	1579783238.36	4321.55263591
COFLOWID9	89	35	1022	1579778916.81	1579783238.36	4321.55264091
COFLOWID9	89	36	1022	1579778916.81	1579783238.36	4321.55264688
COFLOWID9	89	43	1022	1579778916.81	1579783238.36	4321.55265188
COFLOWID9	89	47	1022	1579778916.81	1579783238.36	4321.55265903
COFLOWID9	89	50	1022	1579778916.81	1579783238.36	4321.55277801
COFLOWID9	89	51	1022	1579778916.81	1579783238.36	4321.55278492
COFLOWID9	89	53	1022	1579778916.81	1579783238.36	4321.55278993
COFLOWID9	89	54	1022	1579778916.81	1579783238.36	4321.55279398
COFLOWID9	89	57	1022	1579778916.81	1579783238.36	4321.55326986
COFLOWID9	89	59	1022	1579778916.81	1579783238.36	4321.55327892
COFLOWID9	89	60	1022	1579778916.81	1579783238.36	4321.55328608
COFLOWID9	89	67	1022	1579778916.81	1579783238.36	4321.55330205
COFLOWID9	89	71	1022	1579778916.81	1579783238.36	4321.55330992
COFLOWID9	89	75	1022	1579778916.81	1579783238.36	4321.55331588
COFLOWID9	89	77	1022	1579778916.81	1579783238.36	4321.55332208
COFLOWID9	89	82	1022	1579778916.81	1579783238.36	4321.55332589
COFLOWID9	89	87	1022	1579778916.81	1579783238.36	4321.55333304
COFLOWID9	89	101	1022	1579778916.81	1579783238.36	4321.55333996
COFLOWID9	89	102	1022	1579778916.81	1579783238.36	4321.55334496
COFLOWID9	89	113	1022	1579778916.81	1579783238.36	4321.55335093
COFLOWID9	89	123	1022	1579778916.81	1579783238.36	4321.55335593
COFLOWID9	89	124	1022	1579778916.81	1579783238.36	4321.55336308
COFLOWID9	89	125	1022	1579778916.81	1579783238.36	4321.55336785
COFLOWID9	89	132	1022	1579778916.81	1579783238.36	4321.5534699
COFLOWID9	89	133	1022	1579778916.81	1579783238.36	4321.553478
COFLOWID9	89	141	1022	1579778916.81	1579783238.36	4321.55348396
COFLOWID9	89	142	1022	1579778916.81	1579783238.36	4321.55349088
COFLOWID9	89	144	1022	1579778916.81	1579783238.36	4321.55349708
COFLOWID9	89	145	1022	1579778916.81	1579783238.36	4321.55350304
COFLOWID9	89	146	1022	1579778916.81	1579783238.36	4321.553509
COFLOWID9	89	149	1022	1579778916.81	1579783238.36	4321.553514
COFLOWID9	97	0	1022	1579778916.81	1579783282.98	4366.17189789
COFLOWID9	97	1	1022	1579778916.81	1579783282.98	4366.17941999
COFLOWID9	97	3	1022	1579778916.81	1579783282.99	4366.17942691
COFLOWID9	97	7	1022	1579778916.81	1579783282.99	4366.17943001
COFLOWID9	97	10	1022	1579778916.81	1579783282.99	4366.17943287
COFLOWID9	97	11	1022	1579778916.81	1579783282.99	4366.17943597
COFLOWID9	97	13	1022	1579778916.81	1579783282.99	4366.17943883
COFLOWID9	97	17	1022	1579778916.81	1579783282.99	4366.17944193
COFLOWID9	97	19	1022	1579778916.81	1579783282.99	4366.17944503
COFLOWID9	97	22	1022	1579778916.81	1579783282.99	4366.17944694
COFLOWID9	97	27	1022	1579778916.81	1579783282.99	4366.1794498
COFLOWID9	97	35	1022	1579778916.81	1579783282.99	4366.1794529
COFLOWID9	97	36	1022	1579778916.81	1579783282.99	4366.1794548
COFLOWID9	97	43	1022	1579778916.81	1579783282.99	4366.1794579
COFLOWID9	97	47	1022	1579778916.81	1579783282.99	4366.179461
COFLOWID9	97	50	1022	1579778916.81	1579783282.99	4366.17946291
COFLOWID9	97	51	1022	1579778916.81	1579783282.99	4366.17946601
COFLOWID9	97	53	1022	1579778916.81	1579783282.99	4366.17946887
COFLOWID9	97	54	1022	1579778916.81	1579783282.99	4366.17947102
COFLOWID9	97	57	1022	1579778916.81	1579783282.99	4366.17947388
COFLOWID9	97	59	1022	1579778916.81	1579783282.99	4366.17947698
COFLOWID9	97	60	1022	1579778916.81	1579783282.99	4366.17947888
COFLOWID9	97	67	1022	1579778916.81	1579783282.99	4366.17948198
COFLOWID9	97	71	1022	1579778916.81	1579783282.99	4366.17948484
COFLOWID9	97	75	1022	1579778916.81	1579783282.99	4366.17948699
COFLOWID9	97	77	1022	1579778916.81	1579783282.99	4366.17948985
COFLOWID9	97	82	1022	1579778916.81	1579783282.99	4366.179492
COFLOWID9	97	87	1022	1579778916.81	1579783282.99	4366.17949486
COFLOWID9	97	101	1022	1579778916.81	1579783282.99	4366.179497
COFLOWID9	97	102	1022	1579778916.81	1579783282.99	4366.17949986
COFLOWID9	97	113	1022	1579778916.81	1579783282.99	4366.17950296
COFLOWID9	97	123	1022	1579778916.81	1579783282.99	4366.17950487
COFLOWID9	97	124	1022	1579778916.81	1579783282.99	4366.17950797
COFLOWID9	97	125	1022	1579778916.81	1579783282.99	4366.17950988
COFLOWID9	97	132	1022	1579778916.81	1579783282.99	4366.17951298
COFLOWID9	97	133	1022	1579778916.81	1579783282.99	4366.17951488
COFLOWID9	97	141	1022	1579778916.81	1579783282.99	4366.17951703
COFLOWID9	97	142	1022	1579778916.81	1579783282.99	4366.17951989
COFLOWID9	97	144	1022	1579778916.81	1579783282.99	4366.1795218
COFLOWID9	97	145	1022	1579778916.81	1579783282.99	4366.1795249
COFLOWID9	97	146	1022	1579778916.81	1579783282.99	4366.17952681
COFLOWID9	97	149	1022	1579778916.81	1579783282.99	4366.17952991
COFLOWID9	121	0	1022	1579778916.81	1579783325.91	4409.10791111
COFLOWID9	121	1	1022	1579778916.81	1579783325.91	4409.10793495
COFLOWID9	121	3	1022	1579778916.81	1579783325.91	4409.10796714
COFLOWID9	121	7	1022	1579778916.81	1579783325.91	4409.10797715
COFLOWID9	121	10	1022	1579778916.81	1579783325.91	4409.10798407
COFLOWID9	121	11	1022	1579778916.81	1579783325.91	4409.10799003
COFLOWID9	121	13	1022	1579778916.81	1579783325.91	4409.10799503
COFLOWID9	121	17	1022	1579778916.81	1579783325.91	4409.10800099
COFLOWID9	121	19	1022	1579778916.81	1579783325.91	4409.10800695
COFLOWID9	121	22	1022	1579778916.81	1579783325.91	4409.10801315
COFLOWID9	121	27	1022	1579778916.81	1579783325.91	4409.10801697
COFLOWID9	121	35	1022	1579778916.81	1579783325.91	4409.10802293
COFLOWID9	121	36	1022	1579778916.81	1579783325.91	4409.10802794
COFLOWID9	121	43	1022	1579778916.81	1579783325.91	4409.10803294
COFLOWID9	121	47	1022	1579778916.81	1579783325.91	4409.10803795
COFLOWID9	121	50	1022	1579778916.81	1579783325.91	4409.10804296
COFLOWID9	121	51	1022	1579778916.81	1579783325.91	4409.10804796
COFLOWID9	121	53	1022	1579778916.81	1579783325.91	4409.10805416
COFLOWID9	121	54	1022	1579778916.81	1579783325.91	4409.10805893
COFLOWID9	121	57	1022	1579778916.81	1579783325.91	4409.10806298
COFLOWID9	121	59	1022	1579778916.81	1579783325.91	4409.10806894
COFLOWID9	121	60	1022	1579778916.81	1579783325.91	4409.10807395
COFLOWID9	121	67	1022	1579778916.81	1579783325.91	4409.10807896
COFLOWID9	121	71	1022	1579778916.81	1579783325.91	4409.10808802
COFLOWID9	121	75	1022	1579778916.81	1579783325.91	4409.10809302
COFLOWID9	121	77	1022	1579778916.81	1579783325.91	4409.10809803
COFLOWID9	121	82	1022	1579778916.81	1579783325.91	4409.10810399
COFLOWID9	121	87	1022	1579778916.81	1579783325.91	4409.10810804
COFLOWID9	121	101	1022	1579778916.81	1579783325.91	4409.108114
COFLOWID9	121	102	1022	1579778916.81	1579783325.91	4409.10811901
COFLOWID9	121	113	1022	1579778916.81	1579783325.91	4409.10812402
COFLOWID9	121	123	1022	1579778916.81	1579783325.91	4409.10812807
COFLOWID9	121	124	1022	1579778916.81	1579783325.91	4409.10813308
COFLOWID9	121	125	1022	1579778916.81	1579783325.91	4409.10813808
COFLOWID9	121	132	1022	1579778916.81	1579783325.91	4409.10814309
COFLOWID9	121	133	1022	1579778916.81	1579783325.91	4409.10814714
COFLOWID9	121	141	1022	1579778916.81	1579783325.91	4409.1081531
COFLOWID9	121	142	1022	1579778916.81	1579783325.91	4409.10815811
COFLOWID9	121	144	1022	1579778916.81	1579783325.91	4409.10816312
COFLOWID9	121	145	1022	1579778916.81	1579783325.91	4409.10816813
COFLOWID9	121	146	1022	1579778916.81	1579783325.91	4409.10817194
COFLOWID9	121	149	1022	1579778916.81	1579783325.91	4409.10817695
COFLOWID9	17	31	2045	1579778536.59	1579784191.5	5654.90799713
COFLOWID9	17	40	2045	1579778536.59	1579784191.5	5654.90803599
COFLOWID9	17	56	2045	1579778536.59	1579784191.5	5654.90804601
COFLOWID9	17	63	2045	1579778536.59	1579784191.5	5654.90805507
COFLOWID9	17	72	2045	1579778536.59	1579784191.5	5654.90806103
COFLOWID9	17	106	2045	1579778536.59	1579784191.5	5654.90806818
COFLOWID9	17	109	2045	1579778536.59	1579784191.5	5654.90807414
COFLOWID9	17	134	2045	1579778536.59	1579784191.5	5654.9080801
COFLOWID9	17	143	2045	1579778536.59	1579784191.5	5654.90808511
COFLOWID9	33	31	2045	1579778631.66	1579784261.34	5629.67996597
COFLOWID9	33	40	2045	1579778631.66	1579784261.35	5629.69542098
COFLOWID9	33	56	2045	1579778631.66	1579784261.35	5629.69544506
COFLOWID9	33	63	2045	1579778631.66	1579784261.35	5629.69545293
COFLOWID9	33	72	2045	1579778631.66	1579784261.35	5629.69556594
COFLOWID9	33	106	2045	1579778631.66	1579784261.35	5629.69557309
COFLOWID9	33	109	2045	1579778631.66	1579784261.35	5629.6955781
COFLOWID9	33	134	2045	1579778631.66	1579784261.35	5629.69558191
COFLOWID9	33	143	2045	1579778631.66	1579784261.35	5629.69558692
COFLOWID9	49	31	2045	1579778631.66	1579784272.95	5641.29199481
COFLOWID9	49	40	2045	1579778631.66	1579784272.95	5641.29201388
COFLOWID9	49	56	2045	1579778631.66	1579784272.95	5641.29201794
COFLOWID9	49	63	2045	1579778631.66	1579784272.95	5641.29202199
COFLOWID9	49	72	2045	1579778631.66	1579784272.95	5641.29202485
COFLOWID9	49	106	2045	1579778631.66	1579784272.95	5641.29266095
COFLOWID9	49	109	2045	1579778631.66	1579784272.95	5641.29267001
COFLOWID9	49	134	2045	1579778631.66	1579784272.95	5641.29267383
COFLOWID9	49	143	2045	1579778631.66	1579784272.95	5641.29267788
COFLOWID9	89	31	2045	1579778916.81	1579784328.54	5411.73591208
COFLOWID9	89	40	2045	1579778916.81	1579784328.54	5411.73593092
COFLOWID9	89	56	2045	1579778916.81	1579784328.54	5411.73593593
COFLOWID9	89	63	2045	1579778916.81	1579784328.55	5411.73989797
COFLOWID9	89	72	2045	1579778916.81	1579784328.55	5411.74382401
COFLOWID9	89	106	2045	1579778916.81	1579784328.55	5411.74383688
COFLOWID9	89	109	2045	1579778916.81	1579784328.55	5411.74384308
COFLOWID9	89	134	2045	1579778916.81	1579784328.55	5411.74386501
COFLOWID9	89	143	2045	1579778916.81	1579784328.55	5411.74386907
COFLOWID9	97	31	2045	1579778916.81	1579784338.89	5422.07992291
COFLOWID9	97	40	2045	1579778916.81	1579784338.89	5422.08223081
COFLOWID9	97	56	2045	1579778916.81	1579784338.89	5422.08224392
COFLOWID9	97	63	2045	1579778916.81	1579784338.89	5422.08224988
COFLOWID9	97	72	2045	1579778916.81	1579784338.89	5422.08225799
COFLOWID9	97	106	2045	1579778916.81	1579784338.89	5422.08599687
COFLOWID9	97	109	2045	1579778916.81	1579784338.89	5422.08602881
COFLOWID9	97	134	2045	1579778916.81	1579784338.89	5422.08603501
COFLOWID9	97	143	2045	1579778916.81	1579784338.89	5422.08604288
COFLOWID9	121	31	2045	1579778916.81	1579784350.06	5433.255898
COFLOWID9	121	40	2045	1579778916.81	1579784350.06	5433.25594902
COFLOWID9	121	56	2045	1579778916.81	1579784350.06	5433.25595808
COFLOWID9	121	63	2045	1579778916.81	1579784350.06	5433.25596404
COFLOWID9	121	72	2045	1579778916.81	1579784350.06	5433.25597095
COFLOWID9	121	106	2045	1579778916.81	1579784350.06	5433.25756693
COFLOWID9	121	109	2045	1579778916.81	1579784350.06	5433.25757813
COFLOWID9	121	134	2045	1579778916.81	1579784350.06	5433.2575841
COFLOWID9	121	143	2045	1579778916.81	1579784350.06	5433.25759196
COFLOWID9	17	4	3068	1579778536.59	1579784659.78	6123.18401718
COFLOWID9	17	32	3068	1579778536.59	1579784659.78	6123.18404102
COFLOWID9	17	65	3068	1579778536.59	1579784659.78	6123.18404603
COFLOWID9	17	92	3068	1579778536.59	1579784659.78	6123.18405008
COFLOWID9	33	4	3068	1579778631.66	1579784683.96	6052.30395508
COFLOWID9	33	32	3068	1579778631.66	1579784683.96	6052.30397511
COFLOWID9	33	65	3068	1579778631.66	1579784683.96	6052.30398393
COFLOWID9	33	92	3068	1579778631.66	1579784683.96	6052.30398989
COFLOWID9	49	4	3068	1579778631.66	1579784687.77	6056.11195087
COFLOWID9	49	32	3068	1579778631.66	1579784687.77	6056.11197186
COFLOWID9	49	65	3068	1579778631.66	1579784687.77	6056.11197591
COFLOWID9	49	92	3068	1579778631.66	1579784687.77	6056.11199188
COFLOWID9	89	4	3068	1579778916.81	1579784706.01	5789.20392203
COFLOWID9	89	32	3068	1579778916.81	1579784706.01	5789.20395803
COFLOWID9	89	65	3068	1579778916.81	1579784706.01	5789.20396686
COFLOWID9	89	92	3068	1579778916.81	1579784706.01	5789.20397401
COFLOWID9	97	4	3068	1579778916.81	1579784709.99	5793.18789697
COFLOWID9	97	32	3068	1579778916.81	1579784709.99	5793.18793893
COFLOWID9	97	65	3068	1579778916.81	1579784709.99	5793.1879468
COFLOWID9	97	92	3068	1579778916.81	1579784709.99	5793.1879549
COFLOWID9	121	4	3068	1579778916.81	1579784713.9	5797.09189606
COFLOWID9	121	32	3068	1579778916.81	1579784713.9	5797.09192395
COFLOWID9	121	65	3068	1579778916.81	1579784713.9	5797.0919311
COFLOWID9	121	92	3068	1579778916.81	1579784713.9	5797.09193611
COFLOWID9	17	16	7160	1579778536.59	1579785000.24	6463.64401817
COFLOWID9	33	16	7160	1579778631.66	1579785004.53	6372.871979
COFLOWID9	49	16	7160	1579778631.66	1579785005.23	6373.57197189
COFLOWID9	89	16	7160	1579778916.81	1579785008.41	6091.60392308
COFLOWID9	97	16	7160	1579778916.81	1579785009.53	6092.7199018
COFLOWID9	121	16	7160	1579778916.81	1579785010.31	6093.50388813
COFLOWID4	17	3	12275	1579778481.59	1579815848.46	37366.871943
COFLOWID4	17	6	12275	1579778481.59	1579815848.46	37366.8719621
COFLOWID4	17	9	12275	1579778481.59	1579815848.46	37366.8719659
COFLOWID4	17	19	12275	1579778481.59	1579815848.46	37366.8719699
COFLOWID4	17	24	12275	1579778481.59	1579815848.46	37366.8719909
COFLOWID4	17	26	12275	1579778481.59	1579815848.46	37366.871995
COFLOWID4	17	32	12275	1579778481.59	1579815848.46	37366.871999
COFLOWID4	17	35	12275	1579778481.59	1579815848.46	37366.8720019
COFLOWID4	17	44	12275	1579778481.59	1579815848.46	37366.8720059
COFLOWID4	17	47	12275	1579778481.59	1579815848.46	37366.872009
COFLOWID4	17	59	12275	1579778481.59	1579815848.46	37366.8720129
COFLOWID4	17	62	12275	1579778481.59	1579815848.46	37366.872016
COFLOWID4	17	66	12275	1579778481.59	1579815848.46	37366.87202
COFLOWID4	17	71	12275	1579778481.59	1579815848.46	37366.8720229
COFLOWID4	17	78	12275	1579778481.59	1579815848.46	37366.8720269
COFLOWID4	17	90	12275	1579778481.59	1579815848.46	37366.87203
COFLOWID4	17	91	12275	1579778481.59	1579815848.46	37366.8720341
COFLOWID4	17	100	12275	1579778481.59	1579815848.46	37366.8720369
COFLOWID4	17	102	12275	1579778481.59	1579815848.46	37366.872041
COFLOWID4	17	103	12275	1579778481.59	1579815848.46	37366.872045
COFLOWID4	17	105	12275	1579778481.59	1579815848.46	37366.8720479
COFLOWID4	17	120	12275	1579778481.59	1579815848.46	37366.872052
COFLOWID4	17	123	12275	1579778481.59	1579815848.46	37366.8720551
COFLOWID4	17	127	12275	1579778481.59	1579815848.46	37366.8720579
COFLOWID4	17	128	12275	1579778481.59	1579815848.46	37366.872062
COFLOWID4	17	132	12275	1579778481.59	1579815848.46	37366.8720651
COFLOWID4	17	134	12275	1579778481.59	1579815848.46	37366.8720689
COFLOWID4	17	140	12275	1579778481.59	1579815848.46	37366.872072
COFLOWID4	17	144	12275	1579778481.59	1579815848.46	37366.872076
COFLOWID4	17	146	12275	1579778481.59	1579815848.46	37366.8720789
COFLOWID4	17	147	12275	1579778481.59	1579815848.46	37366.872082
COFLOWID4	17	148	12275	1579778481.59	1579815848.46	37366.872086
COFLOWID4	49	3	12275	1579778551.33	1579816023.68	37472.3478141
COFLOWID4	49	6	12275	1579778551.33	1579816023.68	37472.3478341
COFLOWID4	49	9	12275	1579778551.33	1579816023.68	37472.3478391
COFLOWID4	49	19	12275	1579778551.33	1579816023.68	37472.347842
COFLOWID4	49	24	12275	1579778551.33	1579816023.68	37472.347846
COFLOWID4	49	26	12275	1579778551.33	1579816023.68	37472.3478501
COFLOWID4	49	32	12275	1579778551.33	1579816023.68	37472.3478541
COFLOWID4	49	35	12275	1579778551.33	1579816023.68	37472.347857
COFLOWID4	49	44	12275	1579778551.33	1579816023.68	37472.3478611
COFLOWID4	49	47	12275	1579778551.33	1579816023.68	37472.3478639
COFLOWID4	49	59	12275	1579778551.33	1579816023.68	37472.347867
COFLOWID4	49	62	12275	1579778551.33	1579816023.68	37472.3478711
COFLOWID4	49	66	12275	1579778551.33	1579816023.68	37472.3478739
COFLOWID4	49	71	12275	1579778551.33	1579816023.68	37472.347878
COFLOWID4	49	78	12275	1579778551.33	1579816023.68	37472.3478811
COFLOWID4	49	90	12275	1579778551.33	1579816023.68	37472.3478839
COFLOWID4	49	91	12275	1579778551.33	1579816023.68	37472.347888
COFLOWID4	49	100	12275	1579778551.33	1579816023.68	37472.3478911
COFLOWID4	49	102	12275	1579778551.33	1579816023.68	37472.3478949
COFLOWID4	49	103	12275	1579778551.33	1579816023.68	37472.347898
COFLOWID4	49	105	12275	1579778551.33	1579816023.68	37472.3479021
COFLOWID4	49	120	12275	1579778551.33	1579816023.68	37472.3479049
COFLOWID4	49	123	12275	1579778551.33	1579816023.68	37472.347908
COFLOWID4	49	127	12275	1579778551.33	1579816023.68	37472.3479121
COFLOWID4	49	128	12275	1579778551.33	1579816023.68	37472.3479149
COFLOWID4	49	132	12275	1579778551.33	1579816023.68	37472.347918
COFLOWID4	49	134	12275	1579778551.33	1579816023.68	37472.3479221
COFLOWID4	49	140	12275	1579778551.33	1579816023.68	37472.3479249
COFLOWID4	49	144	12275	1579778551.33	1579816023.68	37472.347929
COFLOWID4	49	146	12275	1579778551.33	1579816023.68	37472.3479321
COFLOWID4	49	147	12275	1579778551.33	1579816023.68	37472.347935
COFLOWID4	49	148	12275	1579778551.33	1579816023.68	37472.347939
COFLOWID4	57	3	12275	1579778551.33	1579816050.07	37498.739809
COFLOWID4	57	6	12275	1579778551.33	1579816050.07	37498.739831
COFLOWID4	57	9	12275	1579778551.33	1579816050.07	37498.739835
COFLOWID4	57	19	12275	1579778551.33	1579816050.07	37498.7398388
COFLOWID4	57	24	12275	1579778551.33	1579816050.07	37498.7398629
COFLOWID4	57	26	12275	1579778551.33	1579816050.07	37498.7398679
COFLOWID4	57	32	12275	1579778551.33	1579816050.07	37498.739872
COFLOWID4	57	35	12275	1579778551.33	1579816050.07	37498.739876
COFLOWID4	57	44	12275	1579778551.33	1579816050.07	37498.7398789
COFLOWID4	57	47	12275	1579778551.33	1579816050.07	37498.7398829
COFLOWID4	57	59	12275	1579778551.33	1579816050.07	37498.7398858
COFLOWID4	57	62	12275	1579778551.33	1579816050.07	37498.7398889
COFLOWID4	57	66	12275	1579778551.33	1579816050.07	37498.739893
COFLOWID4	57	71	12275	1579778551.33	1579816050.07	37498.7398958
COFLOWID4	57	78	12275	1579778551.33	1579816050.07	37498.7398999
COFLOWID4	57	90	12275	1579778551.33	1579816050.07	37498.739903
COFLOWID4	57	91	12275	1579778551.33	1579816050.07	37498.739907
COFLOWID4	57	100	12275	1579778551.33	1579816050.07	37498.7399099
COFLOWID4	57	102	12275	1579778551.33	1579816050.07	37498.7399139
COFLOWID4	57	103	12275	1579778551.33	1579816050.07	37498.739917
COFLOWID4	57	105	12275	1579778551.33	1579816050.07	37498.7399209
COFLOWID4	57	120	12275	1579778551.33	1579816050.07	37498.739924
COFLOWID4	57	123	12275	1579778551.33	1579816050.07	37498.7399268
COFLOWID4	57	127	12275	1579778551.33	1579816050.07	37498.7399309
COFLOWID4	57	128	12275	1579778551.33	1579816050.07	37498.739934
COFLOWID4	57	132	12275	1579778551.33	1579816050.07	37498.7399368
COFLOWID4	57	134	12275	1579778551.33	1579816050.07	37498.7399409
COFLOWID4	57	140	12275	1579778551.33	1579816050.07	37498.739944
COFLOWID4	57	144	12275	1579778551.33	1579816050.07	37498.7399468
COFLOWID4	57	146	12275	1579778551.33	1579816050.07	37498.7399509
COFLOWID4	57	147	12275	1579778551.33	1579816050.07	37498.739954
COFLOWID4	57	148	12275	1579778551.33	1579816050.07	37498.7399569
COFLOWID4	65	3	12275	1579778551.33	1579816076.37	37525.0437911
COFLOWID4	65	6	12275	1579778551.33	1579816076.37	37525.0438089
COFLOWID4	65	9	12275	1579778551.33	1579816076.37	37525.0438139
COFLOWID4	65	19	12275	1579778551.33	1579816076.37	37525.043817
COFLOWID4	65	24	12275	1579778551.33	1579816076.37	37525.0438209
COFLOWID4	65	26	12275	1579778551.33	1579816076.37	37525.0438249
COFLOWID4	65	32	12275	1579778551.33	1579816076.37	37525.043828
COFLOWID4	65	35	12275	1579778551.33	1579816076.37	37525.0438321
COFLOWID4	65	44	12275	1579778551.33	1579816076.37	37525.0438349
COFLOWID4	65	47	12275	1579778551.33	1579816076.37	37525.043838
COFLOWID4	65	59	12275	1579778551.33	1579816076.37	37525.0438421
COFLOWID4	65	62	12275	1579778551.33	1579816076.37	37525.0438449
COFLOWID4	65	66	12275	1579778551.33	1579816076.37	37525.043849
COFLOWID4	65	71	12275	1579778551.33	1579816076.37	37525.0438519
COFLOWID4	65	78	12275	1579778551.33	1579816076.37	37525.043855
COFLOWID4	65	90	12275	1579778551.33	1579816076.37	37525.043859
COFLOWID4	65	91	12275	1579778551.33	1579816076.37	37525.0438619
COFLOWID4	65	100	12275	1579778551.33	1579816076.37	37525.0438659
COFLOWID4	65	102	12275	1579778551.33	1579816076.37	37525.043869
COFLOWID4	65	103	12275	1579778551.33	1579816076.37	37525.0438731
COFLOWID4	65	105	12275	1579778551.33	1579816076.37	37525.0438759
COFLOWID4	65	120	12275	1579778551.33	1579816076.37	37525.043879
COFLOWID4	65	123	12275	1579778551.33	1579816076.37	37525.0438828
COFLOWID4	65	127	12275	1579778551.33	1579816076.37	37525.0438859
COFLOWID4	65	128	12275	1579778551.33	1579816076.37	37525.04389
COFLOWID4	65	132	12275	1579778551.33	1579816076.37	37525.0438929
COFLOWID4	65	134	12275	1579778551.33	1579816076.37	37525.043896
COFLOWID4	65	140	12275	1579778551.33	1579816076.37	37525.0439
COFLOWID4	65	144	12275	1579778551.33	1579816076.37	37525.0439029
COFLOWID4	65	146	12275	1579778551.33	1579816076.37	37525.0439069
COFLOWID4	65	147	12275	1579778551.33	1579816076.37	37525.04391
COFLOWID4	65	148	12275	1579778551.33	1579816076.37	37525.0439129
COFLOWID4	81	3	12275	1579778551.33	1579816102.73	37551.3997931
COFLOWID4	81	6	12275	1579778551.33	1579816102.73	37551.3998151
COFLOWID4	81	9	12275	1579778551.33	1579816102.73	37551.3998191
COFLOWID4	81	19	12275	1579778551.33	1579816102.73	37551.3998232
COFLOWID4	81	24	12275	1579778551.33	1579816102.73	37551.399847
COFLOWID4	81	26	12275	1579778551.33	1579816102.73	37551.399852
COFLOWID4	81	32	12275	1579778551.33	1579816102.73	37551.3998551
COFLOWID4	81	35	12275	1579778551.33	1579816102.73	37551.3998592
COFLOWID4	81	44	12275	1579778551.33	1579816102.73	37551.3998621
COFLOWID4	81	47	12275	1579778551.33	1579816102.73	37551.3998661
COFLOWID4	81	59	12275	1579778551.33	1579816102.73	37551.3998692
COFLOWID4	81	62	12275	1579778551.33	1579816102.73	37551.399873
COFLOWID4	81	66	12275	1579778551.33	1579816102.73	37551.3998771
COFLOWID4	81	71	12275	1579778551.33	1579816102.73	37551.3998802
COFLOWID4	81	78	12275	1579778551.33	1579816102.73	37551.399883
COFLOWID4	81	90	12275	1579778551.33	1579816102.73	37551.3998871
COFLOWID4	81	91	12275	1579778551.33	1579816102.73	37551.3998902
COFLOWID4	81	100	12275	1579778551.33	1579816102.73	37551.399894
COFLOWID4	81	102	12275	1579778551.33	1579816102.73	37551.3998971
COFLOWID4	81	103	12275	1579778551.33	1579816102.73	37551.3999012
COFLOWID4	81	105	12275	1579778551.33	1579816102.73	37551.399904
COFLOWID4	81	120	12275	1579778551.33	1579816102.73	37551.3999081
COFLOWID4	81	123	12275	1579778551.33	1579816102.73	37551.3999112
COFLOWID4	81	127	12275	1579778551.33	1579816102.73	37551.3999152
COFLOWID4	81	128	12275	1579778551.33	1579816102.73	37551.3999181
COFLOWID4	81	132	12275	1579778551.33	1579816102.73	37551.3999212
COFLOWID4	81	134	12275	1579778551.33	1579816102.73	37551.399925
COFLOWID4	81	140	12275	1579778551.33	1579816102.73	37551.3999281
COFLOWID4	81	144	12275	1579778551.33	1579816102.73	37551.3999321
COFLOWID4	81	146	12275	1579778551.33	1579816102.73	37551.399935
COFLOWID4	81	147	12275	1579778551.33	1579816102.73	37551.3999381
COFLOWID4	81	148	12275	1579778551.33	1579816102.73	37551.3999422
COFLOWID4	105	3	12275	1579778551.33	1579816128.61	37577.2797909
COFLOWID4	105	6	12275	1579778551.33	1579816128.61	37577.2798131
COFLOWID4	105	9	12275	1579778551.33	1579816128.61	37577.2798169
COFLOWID4	105	19	12275	1579778551.33	1579816128.61	37577.2798209
COFLOWID4	105	24	12275	1579778551.33	1579816128.61	37577.279824
COFLOWID4	105	26	12275	1579778551.33	1579816128.61	37577.2798281
COFLOWID4	105	32	12275	1579778551.33	1579816128.61	37577.2798309
COFLOWID4	105	35	12275	1579778551.33	1579816128.61	37577.279835
COFLOWID4	105	44	12275	1579778551.33	1579816128.61	37577.2798378
COFLOWID4	105	47	12275	1579778551.33	1579816128.61	37577.2798419
COFLOWID4	105	59	12275	1579778551.33	1579816128.61	37577.279845
COFLOWID4	105	62	12275	1579778551.33	1579816128.61	37577.2798491
COFLOWID4	105	66	12275	1579778551.33	1579816128.61	37577.2798519
COFLOWID4	105	71	12275	1579778551.33	1579816128.61	37577.279855
COFLOWID4	105	78	12275	1579778551.33	1579816128.61	37577.2798591
COFLOWID4	105	90	12275	1579778551.33	1579816128.61	37577.2798619
COFLOWID4	105	91	12275	1579778551.33	1579816128.61	37577.279866
COFLOWID4	105	100	12275	1579778551.33	1579816128.61	37577.2798688
COFLOWID4	105	102	12275	1579778551.33	1579816128.61	37577.2798729
COFLOWID4	105	103	12275	1579778551.33	1579816128.61	37577.279876
COFLOWID4	105	105	12275	1579778551.33	1579816128.61	37577.27988
COFLOWID4	105	120	12275	1579778551.33	1579816128.61	37577.2798829
COFLOWID4	105	123	12275	1579778551.33	1579816128.61	37577.279887
COFLOWID4	105	127	12275	1579778551.33	1579816128.61	37577.2798901
COFLOWID4	105	128	12275	1579778551.33	1579816128.61	37577.2798929
COFLOWID4	105	132	12275	1579778551.33	1579816128.61	37577.279897
COFLOWID4	105	134	12275	1579778551.33	1579816128.61	37577.2798998
COFLOWID4	105	140	12275	1579778551.33	1579816128.61	37577.2799029
COFLOWID4	105	144	12275	1579778551.33	1579816128.61	37577.279907
COFLOWID4	105	146	12275	1579778551.33	1579816128.61	37577.279911
COFLOWID4	105	147	12275	1579778551.33	1579816128.61	37577.2799139
COFLOWID4	105	148	12275	1579778551.33	1579816128.61	37577.279917
COFLOWID4	17	29	13298	1579778481.59	1579817735.36	39253.775928
COFLOWID4	17	33	13298	1579778481.59	1579817735.36	39253.775949
COFLOWID4	17	37	13298	1579778481.59	1579817735.36	39253.7759519
COFLOWID4	17	38	13298	1579778481.59	1579817735.36	39253.7759819
COFLOWID4	17	40	13298	1579778481.59	1579817735.36	39253.7759869
COFLOWID4	17	46	13298	1579778481.59	1579817735.36	39253.7759929
COFLOWID4	17	68	13298	1579778481.59	1579817735.36	39253.7759969
COFLOWID4	17	69	13298	1579778481.59	1579817735.36	39253.776
COFLOWID4	17	74	13298	1579778481.59	1579817735.36	39253.7760029
COFLOWID4	17	81	13298	1579778481.59	1579817735.36	39253.7760069
COFLOWID4	49	29	13298	1579778551.33	1579817864.99	39313.659811
COFLOWID4	49	33	13298	1579778551.33	1579817864.99	39313.659831
COFLOWID4	49	37	13298	1579778551.33	1579817864.99	39313.6598361
COFLOWID4	49	38	13298	1579778551.33	1579817864.99	39313.6598401
COFLOWID4	49	40	13298	1579778551.33	1579817864.99	39313.6598439
COFLOWID4	49	46	13298	1579778551.33	1579817864.99	39313.659847
COFLOWID4	49	68	13298	1579778551.33	1579817864.99	39313.6598511
COFLOWID4	49	69	13298	1579778551.33	1579817864.99	39313.6598551
COFLOWID4	49	74	13298	1579778551.33	1579817864.99	39313.659858
COFLOWID4	49	81	13298	1579778551.33	1579817864.99	39313.659862
COFLOWID4	57	29	13298	1579778551.33	1579817884.12	39332.787807
COFLOWID4	57	33	13298	1579778551.33	1579817884.12	39332.787823
COFLOWID4	57	37	13298	1579778551.33	1579817884.12	39332.787827
COFLOWID4	57	38	13298	1579778551.33	1579817884.12	39332.7878299
COFLOWID4	57	40	13298	1579778551.33	1579817884.12	39332.787833
COFLOWID4	57	46	13298	1579778551.33	1579817884.12	39332.787837
COFLOWID4	57	68	13298	1579778551.33	1579817884.12	39332.7878399
COFLOWID4	57	69	13298	1579778551.33	1579817884.12	39332.787843
COFLOWID4	57	74	13298	1579778551.33	1579817884.12	39332.7878458
COFLOWID4	57	81	13298	1579778551.33	1579817884.12	39332.7878499
COFLOWID4	65	29	13298	1579778551.33	1579817902.65	39351.323801
COFLOWID4	65	33	13298	1579778551.33	1579817902.65	39351.3238199
COFLOWID4	65	37	13298	1579778551.33	1579817902.65	39351.3238239
COFLOWID4	65	38	13298	1579778551.33	1579817902.65	39351.323827
COFLOWID4	65	40	13298	1579778551.33	1579817902.65	39351.3238299
COFLOWID4	65	46	13298	1579778551.33	1579817902.65	39351.323833
COFLOWID4	65	68	13298	1579778551.33	1579817902.65	39351.3238358
COFLOWID4	65	69	13298	1579778551.33	1579817902.65	39351.3238389
COFLOWID4	65	74	13298	1579778551.33	1579817902.65	39351.323843
COFLOWID4	65	81	13298	1579778551.33	1579817902.65	39351.3238459
COFLOWID4	81	29	13298	1579778551.33	1579817921.33	39369.999789
COFLOWID4	81	33	13298	1579778551.33	1579817921.33	39369.999809
COFLOWID4	81	37	13298	1579778551.33	1579817921.33	39369.9998131
COFLOWID4	81	38	13298	1579778551.33	1579817921.33	39369.9998162
COFLOWID4	81	40	13298	1579778551.33	1579817921.33	39369.999819
COFLOWID4	81	46	13298	1579778551.33	1579817921.33	39369.9998221
COFLOWID4	81	68	13298	1579778551.33	1579817921.33	39369.9998262
COFLOWID4	81	69	13298	1579778551.33	1579817921.33	39369.9998291
COFLOWID4	81	74	13298	1579778551.33	1579817921.33	39369.9998322
COFLOWID4	81	81	13298	1579778551.33	1579817921.33	39369.999835
COFLOWID4	105	29	13298	1579778551.33	1579817940.35	39389.0197918
COFLOWID4	105	33	13298	1579778551.33	1579817940.35	39389.0198109
COFLOWID4	105	37	13298	1579778551.33	1579817940.35	39389.019815
COFLOWID4	105	38	13298	1579778551.33	1579817940.35	39389.0198181
COFLOWID4	105	40	13298	1579778551.33	1579817940.35	39389.0198209
COFLOWID4	105	46	13298	1579778551.33	1579817940.35	39389.019824
COFLOWID4	105	68	13298	1579778551.33	1579817940.35	39389.0198269
COFLOWID4	105	69	13298	1579778551.33	1579817940.35	39389.0198309
COFLOWID4	105	74	13298	1579778551.33	1579817940.35	39389.019834
COFLOWID4	105	81	13298	1579778551.33	1579817940.35	39389.0198369
COFLOWID4	17	0	24550	1579778481.59	1579834852.94	56371.3559871
COFLOWID4	17	7	24550	1579778481.59	1579834852.94	56371.356005
COFLOWID4	17	45	24550	1579778481.59	1579834852.94	56371.35601
COFLOWID4	17	51	24550	1579778481.59	1579834852.94	56371.356015
COFLOWID4	17	65	24550	1579778481.59	1579834852.94	56371.356019
COFLOWID4	17	67	24550	1579778481.59	1579834852.94	56371.356024
COFLOWID4	17	70	24550	1579778481.59	1579834852.94	56371.3560281
COFLOWID4	17	83	24550	1579778481.59	1579834852.94	56371.3560541
COFLOWID4	17	85	24550	1579778481.59	1579834852.94	56371.3560619
COFLOWID4	17	86	24550	1579778481.59	1579834852.94	56371.3560679
COFLOWID4	17	89	24550	1579778481.59	1579834852.94	56371.3560729
COFLOWID4	17	92	24550	1579778481.59	1579834852.94	56371.356081
COFLOWID4	17	96	24550	1579778481.59	1579834852.94	56371.3560879
COFLOWID4	17	101	24550	1579778481.59	1579834852.94	56371.3560939
COFLOWID4	17	108	24550	1579778481.59	1579834852.94	56371.3560989
COFLOWID4	17	112	24550	1579778481.59	1579834852.94	56371.3561029
COFLOWID4	17	116	24550	1579778481.59	1579834852.94	56371.356106
COFLOWID4	17	118	24550	1579778481.59	1579834852.94	56371.356111
COFLOWID4	17	124	24550	1579778481.59	1579834852.94	56371.3561149
COFLOWID4	17	130	24550	1579778481.59	1579834852.94	56371.356118
COFLOWID4	17	133	24550	1579778481.59	1579834852.94	56371.356123
COFLOWID4	17	136	24550	1579778481.59	1579834852.94	56371.3561261
COFLOWID4	17	145	24550	1579778481.59	1579834852.94	56371.3561299
COFLOWID4	49	0	24550	1579778551.33	1579834952.37	56401.0438581
COFLOWID4	49	7	24550	1579778551.33	1579834952.37	56401.0438771
COFLOWID4	49	45	24550	1579778551.33	1579834952.37	56401.0438821
COFLOWID4	49	51	24550	1579778551.33	1579834952.37	56401.0438871
COFLOWID4	49	65	24550	1579778551.33	1579834952.37	56401.043891
COFLOWID4	49	67	24550	1579778551.33	1579834952.37	56401.043895
COFLOWID4	49	70	24550	1579778551.33	1579834952.37	56401.0438991
COFLOWID4	49	83	24550	1579778551.33	1579834952.37	56401.0439031
COFLOWID4	49	85	24550	1579778551.33	1579834952.37	56401.0439069
COFLOWID4	49	86	24550	1579778551.33	1579834952.37	56401.04391
COFLOWID4	49	89	24550	1579778551.33	1579834952.37	56401.0439141
COFLOWID4	49	92	24550	1579778551.33	1579834952.37	56401.0439181
COFLOWID4	49	96	24550	1579778551.33	1579834952.37	56401.0439219
COFLOWID4	49	101	24550	1579778551.33	1579834952.37	56401.043926
COFLOWID4	49	108	24550	1579778551.33	1579834952.37	56401.0439301
COFLOWID4	49	112	24550	1579778551.33	1579834952.37	56401.0439341
COFLOWID4	49	116	24550	1579778551.33	1579834952.37	56401.043937
COFLOWID4	49	118	24550	1579778551.33	1579834952.37	56401.043941
COFLOWID4	49	124	24550	1579778551.33	1579834952.37	56401.0439451
COFLOWID4	49	130	24550	1579778551.33	1579834952.37	56401.0439491
COFLOWID4	49	133	24550	1579778551.33	1579834952.37	56401.043952
COFLOWID4	49	136	24550	1579778551.33	1579834952.37	56401.043956
COFLOWID4	49	145	24550	1579778551.33	1579834952.37	56401.0439601
COFLOWID4	57	0	24550	1579778551.33	1579834967.48	56416.1501739
COFLOWID4	57	7	24550	1579778551.33	1579834967.48	56416.150187
COFLOWID4	57	45	24550	1579778551.33	1579834967.48	56416.1501908
COFLOWID4	57	51	24550	1579778551.33	1579834967.48	56416.1501949
COFLOWID4	57	65	24550	1579778551.33	1579834967.48	56416.150198
COFLOWID4	57	67	24550	1579778551.33	1579834967.48	56416.1502008
COFLOWID4	57	70	24550	1579778551.33	1579834967.48	56416.1502039
COFLOWID4	57	83	24550	1579778551.33	1579834967.48	56416.1502068
COFLOWID4	57	85	24550	1579778551.33	1579834967.48	56416.1502099
COFLOWID4	57	86	24550	1579778551.33	1579834967.48	56416.150213
COFLOWID4	57	89	24550	1579778551.33	1579834967.48	56416.1502159
COFLOWID4	57	92	24550	1579778551.33	1579834967.48	56416.150219
COFLOWID4	57	96	24550	1579778551.33	1579834967.48	56416.1502218
COFLOWID4	57	101	24550	1579778551.33	1579834967.48	56416.1502249
COFLOWID4	57	108	24550	1579778551.33	1579834967.48	56416.150228
COFLOWID4	57	112	24550	1579778551.33	1579834967.48	56416.1502309
COFLOWID4	57	116	24550	1579778551.33	1579834967.48	56416.150233
COFLOWID4	57	118	24550	1579778551.33	1579834967.48	56416.1502359
COFLOWID4	57	124	24550	1579778551.33	1579834967.48	56416.150239
COFLOWID4	57	130	24550	1579778551.33	1579834967.48	56416.1502419
COFLOWID4	57	133	24550	1579778551.33	1579834967.48	56416.150245
COFLOWID4	57	136	24550	1579778551.33	1579834967.48	56416.1502478
COFLOWID4	57	145	24550	1579778551.33	1579834967.48	56416.15025
COFLOWID4	65	0	24550	1579778551.33	1579834982.32	56430.987843
COFLOWID4	65	7	24550	1579778551.33	1579834982.32	56430.9878619
COFLOWID4	65	45	24550	1579778551.33	1579834982.32	56430.9878669
COFLOWID4	65	51	24550	1579778551.33	1579834982.32	56430.9878941
COFLOWID4	65	65	24550	1579778551.33	1579834982.32	56430.9878991
COFLOWID4	65	67	24550	1579778551.33	1579834982.32	56430.9879041
COFLOWID4	65	70	24550	1579778551.33	1579834982.32	56430.9879079
COFLOWID4	65	83	24550	1579778551.33	1579834982.32	56430.9879129
COFLOWID4	65	85	24550	1579778551.33	1579834982.32	56430.9879169
COFLOWID4	65	86	24550	1579778551.33	1579834982.32	56430.987921
COFLOWID4	65	89	24550	1579778551.33	1579834982.32	56430.987926
COFLOWID4	65	92	24550	1579778551.33	1579834982.32	56430.9879301
COFLOWID4	65	96	24550	1579778551.33	1579834982.32	56430.9879339
COFLOWID4	65	101	24550	1579778551.33	1579834982.32	56430.9879379
COFLOWID4	65	108	24550	1579778551.33	1579834982.32	56430.987942
COFLOWID4	65	112	24550	1579778551.33	1579834982.32	56430.987946
COFLOWID4	65	116	24550	1579778551.33	1579834982.32	56430.9879498
COFLOWID4	65	118	24550	1579778551.33	1579834982.32	56430.9879549
COFLOWID4	65	124	24550	1579778551.33	1579834982.32	56430.9879589
COFLOWID4	65	130	24550	1579778551.33	1579834982.32	56430.987963
COFLOWID4	65	133	24550	1579778551.33	1579834982.32	56430.987967
COFLOWID4	65	136	24550	1579778551.33	1579834982.32	56430.9879711
COFLOWID4	65	145	24550	1579778551.33	1579834982.32	56430.9879749
COFLOWID4	81	0	24550	1579778551.33	1579834997.35	56446.0158582
COFLOWID4	81	7	24550	1579778551.33	1579834997.35	56446.0158741
COFLOWID4	81	45	24550	1579778551.33	1579834997.35	56446.0158792
COFLOWID4	81	51	24550	1579778551.33	1579834997.35	56446.015882
COFLOWID4	81	65	24550	1579778551.33	1579834997.35	56446.0158861
COFLOWID4	81	67	24550	1579778551.33	1579834997.35	56446.0158892
COFLOWID4	81	70	24550	1579778551.33	1579834997.35	56446.015892
COFLOWID4	81	83	24550	1579778551.33	1579834997.35	56446.0158961
COFLOWID4	81	85	24550	1579778551.33	1579834997.35	56446.0158992
COFLOWID4	81	86	24550	1579778551.33	1579834997.35	56446.015902
COFLOWID4	81	89	24550	1579778551.33	1579834997.35	56446.0159061
COFLOWID4	81	92	24550	1579778551.33	1579834997.35	56446.0159092
COFLOWID4	81	96	24550	1579778551.33	1579834997.35	56446.0159121
COFLOWID4	81	101	24550	1579778551.33	1579834997.35	56446.0159152
COFLOWID4	81	108	24550	1579778551.33	1579834997.35	56446.0159192
COFLOWID4	81	112	24550	1579778551.33	1579834997.35	56446.0159221
COFLOWID4	81	116	24550	1579778551.33	1579834997.35	56446.0159252
COFLOWID4	81	118	24550	1579778551.33	1579834997.35	56446.015928
COFLOWID4	81	124	24550	1579778551.33	1579834997.35	56446.0159311
COFLOWID4	81	130	24550	1579778551.33	1579834997.35	56446.0159352
COFLOWID4	81	133	24550	1579778551.33	1579834997.35	56446.015938
COFLOWID4	81	136	24550	1579778551.33	1579834997.35	56446.0159411
COFLOWID4	81	145	24550	1579778551.33	1579834997.35	56446.015944
COFLOWID4	105	0	24550	1579778551.33	1579835012.22	56460.8878341
COFLOWID4	105	7	24550	1579778551.33	1579835012.22	56460.887856
COFLOWID4	105	45	24550	1579778551.33	1579835012.22	56460.887862
COFLOWID4	105	51	24550	1579778551.33	1579835012.22	56460.887867
COFLOWID4	105	65	24550	1579778551.33	1579835012.22	56460.887872
COFLOWID4	105	67	24550	1579778551.33	1579835012.22	56460.887877
COFLOWID4	105	70	24550	1579778551.33	1579835012.22	56460.887882
COFLOWID4	105	83	24550	1579778551.33	1579835012.22	56460.887887
COFLOWID4	105	85	24550	1579778551.33	1579835012.22	56460.887892
COFLOWID4	105	86	24550	1579778551.33	1579835012.22	56460.887897
COFLOWID4	105	89	24550	1579778551.33	1579835012.22	56460.8879011
COFLOWID4	105	92	24550	1579778551.33	1579835012.22	56460.8879058
COFLOWID4	105	96	24550	1579778551.33	1579835012.22	56460.8879108
COFLOWID4	105	101	24550	1579778551.33	1579835012.22	56460.8879149
COFLOWID4	105	108	24550	1579778551.33	1579835012.22	56460.8879199
COFLOWID4	105	112	24550	1579778551.33	1579835012.22	56460.8879249
COFLOWID4	105	116	24550	1579778551.33	1579835012.22	56460.887929
COFLOWID4	105	118	24550	1579778551.33	1579835012.22	56460.887934
COFLOWID4	105	124	24550	1579778551.33	1579835012.22	56460.887938
COFLOWID4	105	130	24550	1579778551.33	1579835012.22	56460.887943
COFLOWID4	105	133	24550	1579778551.33	1579835012.22	56460.8879719
COFLOWID4	105	136	24550	1579778551.33	1579835012.22	56460.8879769
COFLOWID4	105	145	24550	1579778551.33	1579835012.22	56460.8879819
COFLOWID4	17	5	25573	1579778481.59	1579835887.93	57406.3399849
COFLOWID4	17	10	25573	1579778481.59	1579835887.93	57406.3400099
COFLOWID4	17	21	25573	1579778481.59	1579835887.93	57406.3400159
COFLOWID4	17	31	25573	1579778481.59	1579835887.93	57406.3400209
COFLOWID4	17	34	25573	1579778481.59	1579835887.93	57406.3400259
COFLOWID4	17	43	25573	1579778481.59	1579835887.93	57406.34003
COFLOWID4	17	49	25573	1579778481.59	1579835887.93	57406.340035
COFLOWID4	17	53	25573	1579778481.59	1579835887.93	57406.34004
COFLOWID4	17	76	25573	1579778481.59	1579835887.93	57406.340044
COFLOWID4	17	77	25573	1579778481.59	1579835887.93	57406.340049
COFLOWID4	49	5	25573	1579778551.33	1579835957.88	57406.551883
COFLOWID4	49	10	25573	1579778551.33	1579835957.88	57406.551908
COFLOWID4	49	21	25573	1579778551.33	1579835957.88	57406.551914
COFLOWID4	49	31	25573	1579778551.33	1579835957.88	57406.551919
COFLOWID4	49	34	25573	1579778551.33	1579835957.88	57406.551923
COFLOWID4	49	43	25573	1579778551.33	1579835957.88	57406.5519271
COFLOWID4	49	49	25573	1579778551.33	1579835957.88	57406.5519321
COFLOWID4	49	53	25573	1579778551.33	1579835957.88	57406.551935
COFLOWID4	49	76	25573	1579778551.33	1579835957.88	57406.55194
COFLOWID4	49	77	25573	1579778551.33	1579835957.88	57406.551944
COFLOWID4	57	5	25573	1579778551.33	1579835968.2	57416.8677988
COFLOWID4	57	10	25573	1579778551.33	1579835968.2	57416.8678138
COFLOWID4	57	21	25573	1579778551.33	1579835968.2	57416.8678179
COFLOWID4	57	31	25573	1579778551.33	1579835968.2	57416.8678219
COFLOWID4	57	34	25573	1579778551.33	1579835968.2	57416.867826
COFLOWID4	57	43	25573	1579778551.33	1579835968.2	57416.8678288
COFLOWID4	57	49	25573	1579778551.33	1579835968.2	57416.8678329
COFLOWID4	57	53	25573	1579778551.33	1579835968.2	57416.867837
COFLOWID4	57	76	25573	1579778551.33	1579835968.2	57416.8678398
COFLOWID4	57	77	25573	1579778551.33	1579835968.2	57416.8678429
COFLOWID4	65	5	25573	1579778551.33	1579835978.37	57427.039861
COFLOWID4	65	10	25573	1579778551.33	1579835978.37	57427.039876
COFLOWID4	65	21	25573	1579778551.33	1579835978.37	57427.03988
COFLOWID4	65	31	25573	1579778551.33	1579835978.37	57427.0398829
COFLOWID4	65	34	25573	1579778551.33	1579835978.37	57427.039886
COFLOWID4	65	43	25573	1579778551.33	1579835978.37	57427.0398889
COFLOWID4	65	49	25573	1579778551.33	1579835978.37	57427.039892
COFLOWID4	65	53	25573	1579778551.33	1579835978.37	57427.0398951
COFLOWID4	65	76	25573	1579778551.33	1579835978.37	57427.039897
COFLOWID4	65	77	25573	1579778551.33	1579835978.37	57427.0399001
COFLOWID4	81	5	25573	1579778551.33	1579835988.72	57437.3918512
COFLOWID4	81	10	25573	1579778551.33	1579835988.72	57437.39187
COFLOWID4	81	21	25573	1579778551.33	1579835988.72	57437.3918741
COFLOWID4	81	31	25573	1579778551.33	1579835988.72	57437.3918781
COFLOWID4	81	34	25573	1579778551.33	1579835988.72	57437.391881
COFLOWID4	81	43	25573	1579778551.33	1579835988.72	57437.391885
COFLOWID4	81	49	25573	1579778551.33	1579835988.72	57437.3918881
COFLOWID4	81	53	25573	1579778551.33	1579835988.72	57437.391891
COFLOWID4	81	76	25573	1579778551.33	1579835988.72	57437.3918951
COFLOWID4	81	77	25573	1579778551.33	1579835988.72	57437.3918982
COFLOWID4	105	5	25573	1579778551.33	1579835999.21	57447.8758399
COFLOWID4	105	10	25573	1579778551.33	1579835999.21	57447.8758569
COFLOWID4	105	21	25573	1579778551.33	1579835999.21	57447.8758619
COFLOWID4	105	31	25573	1579778551.33	1579835999.21	57447.875865
COFLOWID4	105	34	25573	1579778551.33	1579835999.21	57447.875869
COFLOWID4	105	43	25573	1579778551.33	1579835999.21	57447.8758729
COFLOWID4	105	49	25573	1579778551.33	1579835999.21	57447.8758759
COFLOWID4	105	53	25573	1579778551.33	1579835999.21	57447.87588
COFLOWID4	105	76	25573	1579778551.33	1579835999.21	57447.8758829
COFLOWID4	105	77	25573	1579778551.33	1579835999.21	57447.8758869
COFLOWID4	17	1	36826	1579778481.59	1579844651.71	66170.128
COFLOWID4	17	2	36826	1579778481.59	1579844651.71	66170.128016
COFLOWID4	17	4	36826	1579778481.59	1579844651.71	66170.1280379
COFLOWID4	17	8	36826	1579778481.59	1579844651.71	66170.128042
COFLOWID4	17	13	36826	1579778481.59	1579844651.71	66170.1280451
COFLOWID4	17	15	36826	1579778481.59	1579844651.71	66170.1280479
COFLOWID4	17	23	36826	1579778481.59	1579844651.71	66170.128051
COFLOWID4	17	28	36826	1579778481.59	1579844651.71	66170.1280549
COFLOWID4	17	73	36826	1579778481.59	1579844651.71	66170.1280599
COFLOWID4	17	84	36826	1579778481.59	1579844651.71	66170.1280649
COFLOWID4	17	93	36826	1579778481.59	1579844651.71	66170.1280689
COFLOWID4	17	94	36826	1579778481.59	1579844651.71	66170.1280739
COFLOWID4	17	97	36826	1579778481.59	1579844651.71	66170.128078
COFLOWID4	17	98	36826	1579778481.59	1579844651.71	66170.1280808
COFLOWID4	17	99	36826	1579778481.59	1579844651.71	66170.1280839
COFLOWID4	17	107	36826	1579778481.59	1579844651.71	66170.128087
COFLOWID4	17	113	36826	1579778481.59	1579844651.71	66170.128089
COFLOWID4	17	114	36826	1579778481.59	1579844651.71	66170.1280921
COFLOWID4	17	115	36826	1579778481.59	1579844651.71	66170.1280949
COFLOWID4	17	119	36826	1579778481.59	1579844651.71	66170.128098
COFLOWID4	17	129	36826	1579778481.59	1579844651.71	66170.1281009
COFLOWID4	17	135	36826	1579778481.59	1579844651.71	66170.128103
COFLOWID4	17	141	36826	1579778481.59	1579844651.71	66170.1281059
COFLOWID4	49	1	36826	1579778551.33	1579844704.93	66153.599865
COFLOWID4	49	2	36826	1579778551.33	1579844704.93	66153.599884
COFLOWID4	49	4	36826	1579778551.33	1579844704.93	66153.5998881
COFLOWID4	49	8	36826	1579778551.33	1579844704.93	66153.5998921
COFLOWID4	49	13	36826	1579778551.33	1579844704.93	66153.599895
COFLOWID4	49	15	36826	1579778551.33	1579844704.93	66153.5998991
COFLOWID4	49	23	36826	1579778551.33	1579844704.93	66153.5999019
COFLOWID4	49	28	36826	1579778551.33	1579844704.93	66153.599905
COFLOWID4	49	73	36826	1579778551.33	1579844704.93	66153.5999081
COFLOWID4	49	84	36826	1579778551.33	1579844704.93	66153.5999119
COFLOWID4	49	93	36826	1579778551.33	1579844704.93	66153.599915
COFLOWID4	49	94	36826	1579778551.33	1579844704.93	66153.5999181
COFLOWID4	49	97	36826	1579778551.33	1579844704.93	66153.599921
COFLOWID4	49	98	36826	1579778551.33	1579844704.93	66153.5999241
COFLOWID4	49	99	36826	1579778551.33	1579844704.93	66153.5999269
COFLOWID4	49	107	36826	1579778551.33	1579844704.93	66153.59993
COFLOWID4	49	113	36826	1579778551.33	1579844704.93	66153.5999341
COFLOWID4	49	114	36826	1579778551.33	1579844704.93	66153.599937
COFLOWID4	49	115	36826	1579778551.33	1579844704.93	66153.5999401
COFLOWID4	49	119	36826	1579778551.33	1579844704.93	66153.5999429
COFLOWID4	49	129	36826	1579778551.33	1579844704.93	66153.599946
COFLOWID4	49	135	36826	1579778551.33	1579844704.93	66153.5999491
COFLOWID4	49	141	36826	1579778551.33	1579844704.93	66153.599952
COFLOWID4	57	1	36826	1579778551.33	1579844713.09	66161.7598648
COFLOWID4	57	2	36826	1579778551.33	1579844713.09	66161.7598779
COFLOWID4	57	4	36826	1579778551.33	1579844713.09	66161.759882
COFLOWID4	57	8	36826	1579778551.33	1579844713.09	66161.7598848
COFLOWID4	57	13	36826	1579778551.33	1579844713.09	66161.759887
COFLOWID4	57	15	36826	1579778551.33	1579844713.09	66161.7598898
COFLOWID4	57	23	36826	1579778551.33	1579844713.09	66161.7598929
COFLOWID4	57	28	36826	1579778551.33	1579844713.09	66161.7598948
COFLOWID4	57	73	36826	1579778551.33	1579844713.09	66161.7598979
COFLOWID4	57	84	36826	1579778551.33	1579844713.09	66161.7599008
COFLOWID4	57	93	36826	1579778551.33	1579844713.09	66161.759903
COFLOWID4	57	94	36826	1579778551.33	1579844713.09	66161.7599058
COFLOWID4	57	97	36826	1579778551.33	1579844713.09	66161.759908
COFLOWID4	57	98	36826	1579778551.33	1579844713.09	66161.7599108
COFLOWID4	57	99	36826	1579778551.33	1579844713.09	66161.759913
COFLOWID4	57	107	36826	1579778551.33	1579844713.09	66161.7599158
COFLOWID4	57	113	36826	1579778551.33	1579844713.09	66161.7599189
COFLOWID4	57	114	36826	1579778551.33	1579844713.09	66161.7599208
COFLOWID4	57	115	36826	1579778551.33	1579844713.09	66161.7599239
COFLOWID4	57	119	36826	1579778551.33	1579844713.09	66161.7599258
COFLOWID4	57	129	36826	1579778551.33	1579844713.09	66161.759944
COFLOWID4	57	135	36826	1579778551.33	1579844713.09	66161.7599468
COFLOWID4	57	141	36826	1579778551.33	1579844713.09	66161.759949
COFLOWID4	65	1	36826	1579778551.33	1579844721.32	66169.9878459
COFLOWID4	65	2	36826	1579778551.33	1579844721.32	66169.9878681
COFLOWID4	65	4	36826	1579778551.33	1579844721.32	66169.9878731
COFLOWID4	65	8	36826	1579778551.33	1579844721.32	66169.9878769
COFLOWID4	65	13	36826	1579778551.33	1579844721.32	66169.9878809
COFLOWID4	65	15	36826	1579778551.33	1579844721.32	66169.987885
COFLOWID4	65	23	36826	1579778551.33	1579844721.32	66169.9878891
COFLOWID4	65	28	36826	1579778551.33	1579844721.32	66169.9878929
COFLOWID4	65	73	36826	1579778551.33	1579844721.32	66169.987896
COFLOWID4	65	84	36826	1579778551.33	1579844721.32	66169.9879
COFLOWID4	65	93	36826	1579778551.33	1579844721.32	66169.9879041
COFLOWID4	65	94	36826	1579778551.33	1579844721.32	66169.9879069
COFLOWID4	65	97	36826	1579778551.33	1579844721.32	66169.987911
COFLOWID4	65	98	36826	1579778551.33	1579844721.32	66169.987915
COFLOWID4	65	99	36826	1579778551.33	1579844721.32	66169.9879179
COFLOWID4	65	107	36826	1579778551.33	1579844721.32	66169.987922
COFLOWID4	65	113	36826	1579778551.33	1579844721.32	66169.9879251
COFLOWID4	65	114	36826	1579778551.33	1579844721.32	66169.9879289
COFLOWID4	65	115	36826	1579778551.33	1579844721.32	66169.987947
COFLOWID4	65	119	36826	1579778551.33	1579844721.32	66169.987951
COFLOWID4	65	129	36826	1579778551.33	1579844721.32	66169.9879549
COFLOWID4	65	135	36826	1579778551.33	1579844721.32	66169.9879589
COFLOWID4	65	141	36826	1579778551.33	1579844721.32	66169.987962
COFLOWID4	81	1	36826	1579778551.33	1579844729.48	66178.1478472
COFLOWID4	81	2	36826	1579778551.33	1579844729.48	66178.1478601
COFLOWID4	81	4	36826	1579778551.33	1579844729.48	66178.1478641
COFLOWID4	81	8	36826	1579778551.33	1579844729.48	66178.1478682
COFLOWID4	81	13	36826	1579778551.33	1579844729.48	66178.147871
COFLOWID4	81	15	36826	1579778551.33	1579844729.48	66178.1478741
COFLOWID4	81	23	36826	1579778551.33	1579844729.48	66178.1478782
COFLOWID4	81	28	36826	1579778551.33	1579844729.48	66178.147881
COFLOWID4	81	73	36826	1579778551.33	1579844729.48	66178.1478841
COFLOWID4	81	84	36826	1579778551.33	1579844729.48	66178.147887
COFLOWID4	81	93	36826	1579778551.33	1579844729.48	66178.1478901
COFLOWID4	81	94	36826	1579778551.33	1579844729.48	66178.1478932
COFLOWID4	81	97	36826	1579778551.33	1579844729.48	66178.1478961
COFLOWID4	81	98	36826	1579778551.33	1579844729.48	66178.1478992
COFLOWID4	81	99	36826	1579778551.33	1579844729.48	66178.147902
COFLOWID4	81	107	36826	1579778551.33	1579844729.48	66178.1479051
COFLOWID4	81	113	36826	1579778551.33	1579844729.48	66178.1479082
COFLOWID4	81	114	36826	1579778551.33	1579844729.48	66178.1479111
COFLOWID4	81	115	36826	1579778551.33	1579844729.48	66178.1479142
COFLOWID4	81	119	36826	1579778551.33	1579844729.48	66178.147917
COFLOWID4	81	129	36826	1579778551.33	1579844729.48	66178.1479201
COFLOWID4	81	135	36826	1579778551.33	1579844729.48	66178.147923
COFLOWID4	81	141	36826	1579778551.33	1579844729.48	66178.1479261
COFLOWID4	105	1	36826	1579778551.33	1579844737.77	66186.4438589
COFLOWID4	105	2	36826	1579778551.33	1579844737.77	66186.4438748
COFLOWID4	105	4	36826	1579778551.33	1579844737.77	66186.4438789
COFLOWID4	105	8	36826	1579778551.33	1579844737.77	66186.443882
COFLOWID4	105	13	36826	1579778551.33	1579844737.77	66186.4438848
COFLOWID4	105	15	36826	1579778551.33	1579844737.77	66186.4438879
COFLOWID4	105	23	36826	1579778551.33	1579844737.77	66186.4438899
COFLOWID4	105	28	36826	1579778551.33	1579844737.77	66186.443893
COFLOWID4	105	73	36826	1579778551.33	1579844737.77	66186.4438961
COFLOWID4	105	84	36826	1579778551.33	1579844737.77	66186.443898
COFLOWID4	105	93	36826	1579778551.33	1579844737.77	66186.4439011
COFLOWID4	105	94	36826	1579778551.33	1579844737.77	66186.443903
COFLOWID4	105	97	36826	1579778551.33	1579844737.77	66186.4439061
COFLOWID4	105	98	36826	1579778551.33	1579844737.77	66186.443908
COFLOWID4	105	99	36826	1579778551.33	1579844737.77	66186.4439108
COFLOWID4	105	107	36826	1579778551.33	1579844737.77	66186.4439321
COFLOWID4	105	113	36826	1579778551.33	1579844737.77	66186.4439349
COFLOWID4	105	114	36826	1579778551.33	1579844737.77	66186.443938
COFLOWID4	105	115	36826	1579778551.33	1579844737.77	66186.4439399
COFLOWID4	105	119	36826	1579778551.33	1579844737.77	66186.443943
COFLOWID4	105	129	36826	1579778551.33	1579844737.77	66186.4439449
COFLOWID4	105	135	36826	1579778551.33	1579844737.77	66186.443948
COFLOWID4	105	141	36826	1579778551.33	1579844737.77	66186.4439499
COFLOWID4	17	56	37849	1579778481.59	1579845046.45	66564.8639789
COFLOWID4	17	80	37849	1579778481.59	1579845046.45	66564.864001
COFLOWID4	49	56	37849	1579778551.33	1579845071.76	66520.4278569
COFLOWID4	49	80	37849	1579778551.33	1579845071.76	66520.4278719
COFLOWID4	57	56	37849	1579778551.33	1579845075.44	66524.107856
COFLOWID4	57	80	37849	1579778551.33	1579845075.44	66524.1078699
COFLOWID4	65	56	37849	1579778551.33	1579845079.31	66527.9837489
COFLOWID4	65	80	37849	1579778551.33	1579845079.31	66527.9837639
COFLOWID4	81	56	37849	1579778551.33	1579845082.92	66531.587867
COFLOWID4	81	80	37849	1579778551.33	1579845082.92	66531.5878861
COFLOWID4	105	56	37849	1579778551.33	1579845086.52	66535.187778
COFLOWID4	105	80	37849	1579778551.33	1579845086.52	66535.187793
COFLOWID4	17	11	49101	1579778481.59	1579848448.73	69967.147994
COFLOWID4	17	18	49101	1579778481.59	1579848448.73	69967.14801
COFLOWID4	17	22	49101	1579778481.59	1579848448.73	69967.148015
COFLOWID4	17	55	49101	1579778481.59	1579848448.73	69967.1480169
COFLOWID4	17	88	49101	1579778481.59	1579848448.73	69967.14802
COFLOWID4	17	104	49101	1579778481.59	1579848448.73	69967.1480229
COFLOWID4	17	109	49101	1579778481.59	1579848448.73	69967.148026
COFLOWID4	17	143	49101	1579778481.59	1579848448.73	69967.1480289
COFLOWID4	49	11	49101	1579778551.33	1579848469.2	69917.8678789
COFLOWID4	49	18	49101	1579778551.33	1579848469.2	69917.867893
COFLOWID4	49	22	49101	1579778551.33	1579848469.2	69917.8678961
COFLOWID4	49	55	49101	1579778551.33	1579848469.2	69917.8678989
COFLOWID4	49	88	49101	1579778551.33	1579848469.2	69917.8679011
COFLOWID4	49	104	49101	1579778551.33	1579848469.2	69917.8679039
COFLOWID4	49	109	49101	1579778551.33	1579848469.2	69917.8679061
COFLOWID4	49	143	49101	1579778551.33	1579848469.2	69917.867909
COFLOWID4	57	11	49101	1579778551.33	1579848472.4	69921.071862
COFLOWID4	57	18	49101	1579778551.33	1579848472.4	69921.0718739
COFLOWID4	57	22	49101	1579778551.33	1579848472.4	69921.071878
COFLOWID4	57	55	49101	1579778551.33	1579848472.4	69921.0718808
COFLOWID4	57	88	49101	1579778551.33	1579848472.4	69921.0718839
COFLOWID4	57	104	49101	1579778551.33	1579848472.4	69921.071887
COFLOWID4	57	109	49101	1579778551.33	1579848472.4	69921.0718899
COFLOWID4	57	143	49101	1579778551.33	1579848472.4	69921.071893
COFLOWID4	65	11	49101	1579778551.33	1579848475.42	69924.0918529
COFLOWID4	65	18	49101	1579778551.33	1579848475.42	69924.0918651
COFLOWID4	65	22	49101	1579778551.33	1579848475.42	69924.0918679
COFLOWID4	65	55	49101	1579778551.33	1579848475.42	69924.091871
COFLOWID4	65	88	49101	1579778551.33	1579848475.42	69924.0918739
COFLOWID4	65	104	49101	1579778551.33	1579848475.42	69924.091876
COFLOWID4	65	109	49101	1579778551.33	1579848475.42	69924.0918789
COFLOWID4	65	143	49101	1579778551.33	1579848475.42	69924.091881
COFLOWID4	81	11	49101	1579778551.33	1579848478.44	69927.11186
COFLOWID4	81	18	49101	1579778551.33	1579848478.44	69927.1118722
COFLOWID4	81	22	49101	1579778551.33	1579848478.44	69927.1118751
COFLOWID4	81	55	49101	1579778551.33	1579848478.44	69927.1118782
COFLOWID4	81	88	49101	1579778551.33	1579848478.44	69927.111881
COFLOWID4	81	104	49101	1579778551.33	1579848478.44	69927.1118832
COFLOWID4	81	109	49101	1579778551.33	1579848478.44	69927.111886
COFLOWID4	81	143	49101	1579778551.33	1579848478.44	69927.1118891
COFLOWID4	105	11	49101	1579778551.33	1579848481.66	69930.3278561
COFLOWID4	105	18	49101	1579778551.33	1579848481.66	69930.327868
COFLOWID4	105	22	49101	1579778551.33	1579848481.66	69930.327872
COFLOWID4	105	55	49101	1579778551.33	1579848481.66	69930.3278749
COFLOWID4	105	88	49101	1579778551.33	1579848481.66	69930.3278959
COFLOWID4	105	104	49101	1579778551.33	1579848481.66	69930.3278999
COFLOWID4	105	109	49101	1579778551.33	1579848481.66	69930.3279018
COFLOWID4	105	143	49101	1579778551.33	1579848481.66	69930.3279049
COFLOWID4	17	17	61377	1579778481.59	1579850266.97	71785.383996
COFLOWID4	17	25	61377	1579778481.59	1579850266.97	71785.384011
COFLOWID4	17	79	61377	1579778481.59	1579850266.97	71785.3840139
COFLOWID4	17	87	61377	1579778481.59	1579850266.97	71785.384017
COFLOWID4	17	117	61377	1579778481.59	1579850266.97	71785.3840199
COFLOWID4	17	126	61377	1579778481.59	1579850266.97	71785.384022
COFLOWID4	49	17	61377	1579778551.33	1579850276.48	71725.147887
COFLOWID4	49	25	61377	1579778551.33	1579850276.48	71725.147933
COFLOWID4	49	79	61377	1579778551.33	1579850276.48	71725.1479499
COFLOWID4	49	87	61377	1579778551.33	1579850276.48	71725.147963
COFLOWID4	49	117	61377	1579778551.33	1579850276.48	71725.1479759
COFLOWID4	49	126	61377	1579778551.33	1579850276.48	71725.147989
COFLOWID4	57	17	61377	1579778551.33	1579850278.12	71726.787863
COFLOWID4	57	25	61377	1579778551.33	1579850278.12	71726.787874
COFLOWID4	57	79	61377	1579778551.33	1579850278.12	71726.787878
COFLOWID4	57	87	61377	1579778551.33	1579850278.12	71726.7878799
COFLOWID4	57	117	61377	1579778551.33	1579850278.12	71726.7878828
COFLOWID4	57	126	61377	1579778551.33	1579850278.12	71726.787885
COFLOWID4	65	17	61377	1579778551.33	1579850279.67	71728.3398449
COFLOWID4	65	25	61377	1579778551.33	1579850279.67	71728.3398581
COFLOWID4	65	79	61377	1579778551.33	1579850279.67	71728.3398609
COFLOWID4	65	87	61377	1579778551.33	1579850279.67	71728.339864
COFLOWID4	65	117	61377	1579778551.33	1579850279.67	71728.3398669
COFLOWID4	65	126	61377	1579778551.33	1579850279.67	71728.33987
COFLOWID4	81	17	61377	1579778551.33	1579850281.27	71729.935801
COFLOWID4	81	25	61377	1579778551.33	1579850281.27	71729.935822
COFLOWID4	81	79	61377	1579778551.33	1579850281.27	71729.935827
COFLOWID4	81	87	61377	1579778551.33	1579850281.27	71729.9358311
COFLOWID4	81	117	61377	1579778551.33	1579850281.27	71729.9358351
COFLOWID4	81	126	61377	1579778551.33	1579850281.27	71729.9358392
COFLOWID4	105	17	61377	1579778551.33	1579850282.79	71731.459851
COFLOWID4	105	25	61377	1579778551.33	1579850282.79	71731.4598639
COFLOWID4	105	79	61377	1579778551.33	1579850282.79	71731.459867
COFLOWID4	105	87	61377	1579778551.33	1579850282.79	71731.4598699
COFLOWID4	105	117	61377	1579778551.33	1579850282.79	71731.459872
COFLOWID4	105	126	61377	1579778551.33	1579850282.79	71731.4598749
COFLOWID4	17	12	62400	1579778481.59	1579850315.95	71834.364023
COFLOWID4	49	12	62400	1579778551.33	1579850318.48	71767.147862
COFLOWID4	57	12	62400	1579778551.33	1579850318.88	71767.5518758
COFLOWID4	65	12	62400	1579778551.33	1579850319.23	71767.8998671
COFLOWID4	81	12	62400	1579778551.33	1579850319.61	71768.2758431
COFLOWID4	105	12	62400	1579778551.33	1579850320.01	71768.6798611
COFLOWID4	17	138	73716	1579778481.59	1579850525.21	72043.6239879
COFLOWID4	49	138	73716	1579778551.33	1579850526.36	71975.0318601
COFLOWID4	57	138	73716	1579778551.33	1579850526.56	71975.22787
COFLOWID4	65	138	73716	1579778551.33	1579850526.74	71975.4118531
COFLOWID4	81	138	73716	1579778551.33	1579850526.95	71975.6158471
COFLOWID4	105	138	73716	1579778551.33	1579850527.13	71975.799854
