CoflowID	Mapper	Reducer	DataSize(KB)	Starttime	Endtime	Interval
COFLOWID3	66	38	2045	1579778480.1	1579778519.05	38.9532690048
COFLOWID3	138	38	2045	1579778481.7	1579778524.38	42.683961153
COFLOWID7	10	142	2045	1579778533.1	1579778811.12	278.018680811
COFLOWID7	18	142	2045	1579778533.86	1579778822.1	288.235977888
COFLOWID7	34	142	2045	1579778536.83	1579778840.43	303.603167057
COFLOWID7	50	142	2045	1579778547.07	1579778864.26	317.18396616
COFLOWID7	66	142	2045	1579778551.93	1579778871.57	319.636057138
COFLOWID7	82	142	2045	1579778551.93	1579778872.79	320.852010012
COFLOWID7	114	142	2045	1579778559.38	1579778877.88	318.500006914
COFLOWID7	130	142	2045	1579778559.38	1579778879.09	319.712042093
COFLOWID7	138	142	2045	1579778569.17	1579778881.55	312.384029865
COFLOWID9	10	0	1022	1579778537.11	1579782981.23	4444.11989403
COFLOWID9	10	1	1022	1579778537.11	1579782981.23	4444.12401295
COFLOWID9	10	3	1022	1579778537.11	1579782981.23	4444.12402797
COFLOWID9	10	7	1022	1579778537.11	1579782981.23	4444.12403297
COFLOWID9	10	10	1022	1579778537.11	1579782981.23	4444.12404013
COFLOWID9	10	11	1022	1579778537.11	1579782981.23	4444.1240449
COFLOWID9	10	13	1022	1579778537.11	1579782981.23	4444.12405205
COFLOWID9	10	17	1022	1579778537.11	1579782981.23	4444.1240561
COFLOWID9	10	19	1022	1579778537.11	1579782981.23	4444.12406301
COFLOWID9	10	22	1022	1579778537.11	1579782981.23	4444.12406802
COFLOWID9	10	27	1022	1579778537.11	1579782981.23	4444.12407303
COFLOWID9	10	35	1022	1579778537.11	1579782981.23	4444.12407804
COFLOWID9	10	36	1022	1579778537.11	1579782981.23	4444.12789798
COFLOWID9	10	43	1022	1579778537.11	1579782981.23	4444.12790799
COFLOWID9	10	47	1022	1579778537.11	1579782981.23	4444.12791491
COFLOWID9	10	50	1022	1579778537.11	1579782981.23	4444.12791991
COFLOWID9	10	51	1022	1579778537.11	1579782981.23	4444.12792802
COFLOWID9	10	53	1022	1579778537.11	1579782981.23	4444.12793612
COFLOWID9	10	54	1022	1579778537.11	1579782981.23	4444.12794113
COFLOWID9	10	57	1022	1579778537.11	1579782981.23	4444.127949
COFLOWID9	10	59	1022	1579778537.11	1579782981.23	4444.12795496
COFLOWID9	10	60	1022	1579778537.11	1579782981.23	4444.12796092
COFLOWID9	10	67	1022	1579778537.11	1579782981.23	4444.12796807
COFLOWID9	10	71	1022	1579778537.11	1579782981.23	4444.12797594
COFLOWID9	10	75	1022	1579778537.11	1579782981.23	4444.12798095
COFLOWID9	10	77	1022	1579778537.11	1579782981.23	4444.1279881
COFLOWID9	10	82	1022	1579778537.11	1579782981.23	4444.12858796
COFLOWID9	10	87	1022	1579778537.11	1579782981.23	4444.12859511
COFLOWID9	10	101	1022	1579778537.11	1579782981.23	4444.12860107
COFLOWID9	10	102	1022	1579778537.11	1579782981.23	4444.12860799
COFLOWID9	10	113	1022	1579778537.11	1579782981.24	4444.13183403
COFLOWID9	10	123	1022	1579778537.11	1579782981.24	4444.1358521
COFLOWID9	10	124	1022	1579778537.11	1579782981.24	4444.13586593
COFLOWID9	10	125	1022	1579778537.11	1579782981.24	4444.13587499
COFLOWID9	10	132	1022	1579778537.11	1579782981.24	4444.13592196
COFLOWID9	10	133	1022	1579778537.11	1579782981.24	4444.13593102
COFLOWID9	10	141	1022	1579778537.11	1579782981.24	4444.13593793
COFLOWID9	10	142	1022	1579778537.11	1579782981.24	4444.13594699
COFLOWID9	10	144	1022	1579778537.11	1579782981.25	4444.13984394
COFLOWID9	10	145	1022	1579778537.11	1579782981.25	4444.14080095
COFLOWID9	10	146	1022	1579778537.11	1579782981.25	4444.14081001
COFLOWID9	10	149	1022	1579778537.11	1579782981.25	4444.14081812
COFLOWID9	50	0	1022	1579778605.25	1579783298.29	4693.04396415
COFLOWID9	50	1	1022	1579778605.25	1579783298.29	4693.04399705
COFLOWID9	50	3	1022	1579778605.25	1579783298.29	4693.04400492
COFLOWID9	50	7	1022	1579778605.25	1579783298.29	4693.04401398
COFLOWID9	50	10	1022	1579778605.25	1579783298.29	4693.04402113
COFLOWID9	50	11	1022	1579778605.25	1579783298.29	4693.044029
COFLOWID9	50	13	1022	1579778605.25	1579783298.29	4693.04403615
COFLOWID9	50	17	1022	1579778605.25	1579783298.29	4693.04404402
COFLOWID9	50	19	1022	1579778605.25	1579783298.29	4693.04484606
COFLOWID9	50	22	1022	1579778605.25	1579783298.29	4693.04485798
COFLOWID9	50	27	1022	1579778605.25	1579783298.29	4693.04486609
COFLOWID9	50	35	1022	1579778605.25	1579783298.29	4693.04552794
COFLOWID9	50	36	1022	1579778605.25	1579783298.29	4693.04553795
COFLOWID9	50	43	1022	1579778605.25	1579783298.29	4693.04554415
COFLOWID9	50	47	1022	1579778605.25	1579783298.29	4693.04555202
COFLOWID9	50	50	1022	1579778605.25	1579783298.29	4693.04556012
COFLOWID9	50	51	1022	1579778605.25	1579783298.29	4693.04556608
COFLOWID9	50	53	1022	1579778605.25	1579783298.29	4693.04557395
COFLOWID9	50	54	1022	1579778605.25	1579783298.29	4693.04558015
COFLOWID9	50	57	1022	1579778605.25	1579783298.29	4693.04558802
COFLOWID9	50	59	1022	1579778605.25	1579783298.29	4693.04559398
COFLOWID9	50	60	1022	1579778605.25	1579783298.31	4693.06457806
COFLOWID9	50	67	1022	1579778605.25	1579783298.31	4693.06459498
COFLOWID9	50	71	1022	1579778605.25	1579783298.31	4693.06460404
COFLOWID9	50	75	1022	1579778605.25	1579783298.31	4693.06462598
COFLOWID9	50	77	1022	1579778605.25	1579783298.31	4693.06463408
COFLOWID9	50	82	1022	1579778605.25	1579783298.31	4693.064641
COFLOWID9	50	87	1022	1579778605.25	1579783298.31	4693.06464696
COFLOWID9	50	101	1022	1579778605.25	1579783298.31	4693.06465507
COFLOWID9	50	102	1022	1579778605.25	1579783298.31	4693.06466103
COFLOWID9	50	113	1022	1579778605.25	1579783298.31	4693.06466794
COFLOWID9	50	123	1022	1579778605.25	1579783298.31	4693.06467414
COFLOWID9	50	124	1022	1579778605.25	1579783298.31	4693.0648191
COFLOWID9	50	125	1022	1579778605.25	1579783298.31	4693.06482506
COFLOWID9	50	132	1022	1579778605.25	1579783298.31	4693.06482911
COFLOWID9	50	133	1022	1579778605.25	1579783298.31	4693.06483293
COFLOWID9	50	141	1022	1579778605.25	1579783298.31	4693.06483698
COFLOWID9	50	142	1022	1579778605.25	1579783298.31	4693.06484103
COFLOWID9	50	144	1022	1579778605.25	1579783298.31	4693.06484604
COFLOWID9	50	145	1022	1579778605.25	1579783298.31	4693.06485009
COFLOWID9	50	146	1022	1579778605.25	1579783298.31	4693.0654521
COFLOWID9	50	149	1022	1579778605.25	1579783298.31	4693.06559396
COFLOWID9	58	0	1022	1579778605.25	1579783343.2	4737.95596194
COFLOWID9	58	1	1022	1579778605.25	1579783343.2	4737.95598388
COFLOWID9	58	3	1022	1579778605.25	1579783343.2	4737.95599198
COFLOWID9	58	7	1022	1579778605.25	1579783343.2	4737.956002
COFLOWID9	58	10	1022	1579778605.25	1579783343.2	4737.95601988
COFLOWID9	58	11	1022	1579778605.25	1579783343.2	4737.95602798
COFLOWID9	58	13	1022	1579778605.25	1579783343.2	4737.9560349
COFLOWID9	58	17	1022	1579778605.25	1579783343.2	4737.95705009
COFLOWID9	58	19	1022	1579778605.25	1579783343.2	4737.95707393
COFLOWID9	58	22	1022	1579778605.25	1579783343.2	4737.95707989
COFLOWID9	58	27	1022	1579778605.25	1579783343.2	4737.95708609
COFLOWID9	58	35	1022	1579778605.25	1579783343.2	4737.95770597
COFLOWID9	58	36	1022	1579778605.25	1579783343.21	4737.95991302
COFLOWID9	58	43	1022	1579778605.25	1579783343.21	4737.95992708
COFLOWID9	58	47	1022	1579778605.25	1579783343.21	4737.95993495
COFLOWID9	58	50	1022	1579778605.25	1579783343.21	4737.95993996
COFLOWID9	58	51	1022	1579778605.25	1579783343.22	4737.97733307
COFLOWID9	58	53	1022	1579778605.25	1579783343.22	4737.97734904
COFLOWID9	58	54	1022	1579778605.25	1579783343.22	4737.97735786
COFLOWID9	58	57	1022	1579778605.25	1579783343.22	4737.9773829
COFLOWID9	58	59	1022	1579778605.25	1579783343.22	4737.97739005
COFLOWID9	58	60	1022	1579778605.25	1579783343.22	4737.97739792
COFLOWID9	58	67	1022	1579778605.25	1579783343.22	4737.97740507
COFLOWID9	58	71	1022	1579778605.25	1579783343.22	4737.97741508
COFLOWID9	58	75	1022	1579778605.25	1579783343.22	4737.97742105
COFLOWID9	58	77	1022	1579778605.25	1579783343.22	4737.97742891
COFLOWID9	58	82	1022	1579778605.25	1579783343.22	4737.97743607
COFLOWID9	58	87	1022	1579778605.25	1579783343.22	4737.97758698
COFLOWID9	58	101	1022	1579778605.25	1579783343.22	4737.97759295
COFLOWID9	58	102	1022	1579778605.25	1579783343.22	4737.97759795
COFLOWID9	58	113	1022	1579778605.25	1579783343.22	4737.97760296
COFLOWID9	58	123	1022	1579778605.25	1579783343.22	4737.97760797
COFLOWID9	58	124	1022	1579778605.25	1579783343.22	4737.97761297
COFLOWID9	58	125	1022	1579778605.25	1579783343.22	4737.97761798
COFLOWID9	58	132	1022	1579778605.25	1579783343.22	4737.97762299
COFLOWID9	58	133	1022	1579778605.25	1579783343.22	4737.97828102
COFLOWID9	58	141	1022	1579778605.25	1579783343.22	4737.97829103
COFLOWID9	58	142	1022	1579778605.25	1579783343.22	4737.97829795
COFLOWID9	58	144	1022	1579778605.25	1579783343.22	4737.97830486
COFLOWID9	58	145	1022	1579778605.25	1579783343.22	4737.97831202
COFLOWID9	58	146	1022	1579778605.25	1579783343.22	4737.97831893
COFLOWID9	58	149	1022	1579778605.25	1579783343.22	4737.97832608
COFLOWID9	74	0	1022	1579778605.25	1579783386.89	4781.64394617
COFLOWID9	74	1	1022	1579778605.25	1579783386.89	4781.64398003
COFLOWID9	74	3	1022	1579778605.25	1579783386.89	4781.64398718
COFLOWID9	74	7	1022	1579778605.25	1579783386.89	4781.64497399
COFLOWID9	74	10	1022	1579778605.25	1579783386.89	4781.64499998
COFLOWID9	74	11	1022	1579778605.25	1579783386.89	4781.64500713
COFLOWID9	74	13	1022	1579778605.25	1579783386.89	4781.64501405
COFLOWID9	74	17	1022	1579778605.25	1579783386.89	4781.64501905
COFLOWID9	74	19	1022	1579778605.25	1579783386.89	4781.64502597
COFLOWID9	74	22	1022	1579778605.25	1579783386.89	4781.64502907
COFLOWID9	74	27	1022	1579778605.25	1579783386.89	4781.64503312
COFLOWID9	74	35	1022	1579778605.25	1579783386.89	4781.64503813
COFLOWID9	74	36	1022	1579778605.25	1579783386.89	4781.64504099
COFLOWID9	74	43	1022	1579778605.25	1579783386.89	4781.64504504
COFLOWID9	74	47	1022	1579778605.25	1579783386.89	4781.6450491
COFLOWID9	74	50	1022	1579778605.25	1579783386.89	4781.6450541
COFLOWID9	74	51	1022	1579778605.25	1579783386.89	4781.64505696
COFLOWID9	74	53	1022	1579778605.25	1579783386.89	4781.64506006
COFLOWID9	74	54	1022	1579778605.25	1579783386.89	4781.64506412
COFLOWID9	74	57	1022	1579778605.25	1579783386.89	4781.64506912
COFLOWID9	74	59	1022	1579778605.25	1579783386.89	4781.64507508
COFLOWID9	74	60	1022	1579778605.25	1579783386.89	4781.64508009
COFLOWID9	74	67	1022	1579778605.25	1579783386.89	4781.64508605
COFLOWID9	74	71	1022	1579778605.25	1579783386.89	4781.64509416
COFLOWID9	74	75	1022	1579778605.25	1579783386.89	4781.64509916
COFLOWID9	74	77	1022	1579778605.25	1579783386.89	4781.64510512
COFLOWID9	74	82	1022	1579778605.25	1579783386.89	4781.64511108
COFLOWID9	74	87	1022	1579778605.25	1579783386.89	4781.64511609
COFLOWID9	74	101	1022	1579778605.25	1579783386.89	4781.6451211
COFLOWID9	74	102	1022	1579778605.25	1579783386.89	4781.64512706
COFLOWID9	74	113	1022	1579778605.25	1579783386.89	4781.64513302
COFLOWID9	74	123	1022	1579778605.25	1579783386.89	4781.64513898
COFLOWID9	74	124	1022	1579778605.25	1579783386.89	4781.64514399
COFLOWID9	74	125	1022	1579778605.25	1579783386.89	4781.64514899
COFLOWID9	74	132	1022	1579778605.25	1579783386.89	4781.64515495
COFLOWID9	74	133	1022	1579778605.25	1579783386.89	4781.64515996
COFLOWID9	74	141	1022	1579778605.25	1579783386.89	4781.64516616
COFLOWID9	74	142	1022	1579778605.25	1579783386.89	4781.64517117
COFLOWID9	74	144	1022	1579778605.25	1579783386.89	4781.64517713
COFLOWID9	74	145	1022	1579778605.25	1579783386.89	4781.64518213
COFLOWID9	74	146	1022	1579778605.25	1579783386.89	4781.64518809
COFLOWID9	74	149	1022	1579778605.25	1579783386.89	4781.6451931
COFLOWID9	122	0	1022	1579778605.25	1579783430.22	4824.97195411
COFLOWID9	122	1	1022	1579778605.25	1579783430.22	4824.97203302
COFLOWID9	122	3	1022	1579778605.25	1579783430.22	4824.97204208
COFLOWID9	122	7	1022	1579778605.25	1579783430.22	4824.97205091
COFLOWID9	122	10	1022	1579778605.25	1579783430.22	4824.97205806
COFLOWID9	122	11	1022	1579778605.25	1579783430.22	4824.97206497
COFLOWID9	122	13	1022	1579778605.25	1579783430.22	4824.97207093
COFLOWID9	122	17	1022	1579778605.25	1579783430.22	4824.97207808
COFLOWID9	122	19	1022	1579778605.25	1579783430.22	4824.97208405
COFLOWID9	122	22	1022	1579778605.25	1579783430.22	4824.97209096
COFLOWID9	122	27	1022	1579778605.25	1579783430.22	4824.97209597
COFLOWID9	122	35	1022	1579778605.25	1579783430.22	4824.97210312
COFLOWID9	122	36	1022	1579778605.25	1579783430.22	4824.97210908
COFLOWID9	122	43	1022	1579778605.25	1579783430.22	4824.97211599
COFLOWID9	122	47	1022	1579778605.25	1579783430.22	4824.97212195
COFLOWID9	122	50	1022	1579778605.25	1579783430.22	4824.97215891
COFLOWID9	122	51	1022	1579778605.25	1579783430.22	4824.97216606
COFLOWID9	122	53	1022	1579778605.25	1579783430.22	4824.97217202
COFLOWID9	122	54	1022	1579778605.25	1579783430.22	4824.97217798
COFLOWID9	122	57	1022	1579778605.25	1579783430.22	4824.97218394
COFLOWID9	122	59	1022	1579778605.25	1579783430.22	4824.9721899
COFLOWID9	122	60	1022	1579778605.25	1579783430.22	4824.97219706
COFLOWID9	122	67	1022	1579778605.25	1579783430.22	4824.97220302
COFLOWID9	122	71	1022	1579778605.25	1579783430.22	4824.97220898
COFLOWID9	122	75	1022	1579778605.25	1579783430.22	4824.97221494
COFLOWID9	122	77	1022	1579778605.25	1579783430.22	4824.97222209
COFLOWID9	122	82	1022	1579778605.25	1579783430.22	4824.97222805
COFLOWID9	122	87	1022	1579778605.25	1579783430.22	4824.97223306
COFLOWID9	122	101	1022	1579778605.25	1579783430.22	4824.97223902
COFLOWID9	122	102	1022	1579778605.25	1579783430.22	4824.97224498
COFLOWID9	122	113	1022	1579778605.25	1579783430.22	4824.97225094
COFLOWID9	122	123	1022	1579778605.25	1579783430.22	4824.9722569
COFLOWID9	122	124	1022	1579778605.25	1579783430.22	4824.9722631
COFLOWID9	122	125	1022	1579778605.25	1579783430.22	4824.97226906
COFLOWID9	122	132	1022	1579778605.25	1579783430.22	4824.97227502
COFLOWID9	122	133	1022	1579778605.25	1579783430.22	4824.97228003
COFLOWID9	122	141	1022	1579778605.25	1579783430.22	4824.97228599
COFLOWID9	122	142	1022	1579778605.25	1579783430.22	4824.97229195
COFLOWID9	122	144	1022	1579778605.25	1579783430.22	4824.97229791
COFLOWID9	122	145	1022	1579778605.25	1579783430.22	4824.97230411
COFLOWID9	122	146	1022	1579778605.25	1579783430.22	4824.97231007
COFLOWID9	122	149	1022	1579778605.25	1579783430.22	4824.97231507
COFLOWID9	130	0	1022	1579778925.36	1579783616.01	4690.64794588
COFLOWID9	130	1	1022	1579778925.36	1579783616.01	4690.64798188
COFLOWID9	130	3	1022	1579778925.36	1579783616.01	4690.64798808
COFLOWID9	130	7	1022	1579778925.36	1579783616.01	4690.64898992
COFLOWID9	130	10	1022	1579778925.36	1579783616.01	4690.64901209
COFLOWID9	130	11	1022	1579778925.36	1579783616.01	4690.64901996
COFLOWID9	130	13	1022	1579778925.36	1579783616.01	4690.64902592
COFLOWID9	130	17	1022	1579778925.36	1579783616.01	4690.64903307
COFLOWID9	130	19	1022	1579778925.36	1579783616.01	4690.64903903
COFLOWID9	130	22	1022	1579778925.36	1579783616.01	4690.64904594
COFLOWID9	130	27	1022	1579778925.36	1579783616.01	4690.64905095
COFLOWID9	130	35	1022	1579778925.36	1579783616.01	4690.6490581
COFLOWID9	130	36	1022	1579778925.36	1579783616.01	4690.64906311
COFLOWID9	130	43	1022	1579778925.36	1579783616.01	4690.64907002
COFLOWID9	130	47	1022	1579778925.36	1579783616.01	4690.64909101
COFLOWID9	130	50	1022	1579778925.36	1579783616.01	4690.64952803
COFLOWID9	130	51	1022	1579778925.36	1579783616.01	4690.64953804
COFLOWID9	130	53	1022	1579778925.36	1579783616.01	4690.649544
COFLOWID9	130	54	1022	1579778925.36	1579783616.01	4690.64954901
COFLOWID9	130	57	1022	1579778925.36	1579783616.01	4690.64955592
COFLOWID9	130	59	1022	1579778925.36	1579783616.01	4690.64956188
COFLOWID9	130	60	1022	1579778925.36	1579783616.01	4690.64956808
COFLOWID9	130	67	1022	1579778925.36	1579783616.01	4690.64957309
COFLOWID9	130	71	1022	1579778925.36	1579783616.01	4690.64957905
COFLOWID9	130	75	1022	1579778925.36	1579783616.01	4690.64958596
COFLOWID9	130	77	1022	1579778925.36	1579783616.01	4690.64959097
COFLOWID9	130	82	1022	1579778925.36	1579783616.01	4690.64959693
COFLOWID9	130	87	1022	1579778925.36	1579783616.01	4690.64960194
COFLOWID9	130	101	1022	1579778925.36	1579783616.01	4690.64960909
COFLOWID9	130	102	1022	1579778925.36	1579783616.01	4690.6496141
COFLOWID9	130	113	1022	1579778925.36	1579783616.02	4690.6559
COFLOWID9	130	123	1022	1579778925.36	1579783616.02	4690.65591693
COFLOWID9	130	124	1022	1579778925.36	1579783616.02	4690.65592504
COFLOWID9	130	125	1022	1579778925.36	1579783616.02	4690.655931
COFLOWID9	130	132	1022	1579778925.36	1579783616.02	4690.65593791
COFLOWID9	130	133	1022	1579778925.36	1579783616.02	4690.65594411
COFLOWID9	130	141	1022	1579778925.36	1579783616.02	4690.65595102
COFLOWID9	130	142	1022	1579778925.36	1579783616.03	4690.67251992
COFLOWID9	130	144	1022	1579778925.36	1579783616.03	4690.67253208
COFLOWID9	130	145	1022	1579778925.36	1579783616.03	4690.672539
COFLOWID9	130	146	1022	1579778925.36	1579783616.03	4690.67317104
COFLOWID9	130	149	1022	1579778925.36	1579783616.03	4690.67331696
COFLOWID9	146	0	1022	1579778925.36	1579783659.57	4734.21191692
COFLOWID9	146	1	1022	1579778925.36	1579783659.57	4734.21195197
COFLOWID9	146	3	1022	1579778925.36	1579783659.57	4734.2119658
COFLOWID9	146	7	1022	1579778925.36	1579783659.57	4734.21284795
COFLOWID9	146	10	1022	1579778925.36	1579783659.57	4734.21286082
COFLOWID9	146	11	1022	1579778925.36	1579783659.57	4734.21286893
COFLOWID9	146	13	1022	1579778925.36	1579783659.57	4734.21287489
COFLOWID9	146	17	1022	1579778925.36	1579783659.57	4734.212883
COFLOWID9	146	19	1022	1579778925.36	1579783659.57	4734.21288991
COFLOWID9	146	22	1022	1579778925.36	1579783659.57	4734.21289682
COFLOWID9	146	27	1022	1579778925.36	1579783659.57	4734.21290493
COFLOWID9	146	35	1022	1579778925.36	1579783659.57	4734.21291089
COFLOWID9	146	36	1022	1579778925.36	1579783659.57	4734.2129178
COFLOWID9	146	43	1022	1579778925.36	1579783659.57	4734.21292496
COFLOWID9	146	47	1022	1579778925.36	1579783659.57	4734.21293283
COFLOWID9	146	50	1022	1579778925.36	1579783659.57	4734.21293879
COFLOWID9	146	51	1022	1579778925.36	1579783659.57	4734.21294594
COFLOWID9	146	53	1022	1579778925.36	1579783659.57	4734.21295285
COFLOWID9	146	54	1022	1579778925.36	1579783659.57	4734.21296096
COFLOWID9	146	57	1022	1579778925.36	1579783659.57	4734.21296692
COFLOWID9	146	59	1022	1579778925.36	1579783659.57	4734.21297383
COFLOWID9	146	60	1022	1579778925.36	1579783659.57	4734.21299481
COFLOWID9	146	67	1022	1579778925.36	1579783659.57	4734.21300197
COFLOWID9	146	71	1022	1579778925.36	1579783659.57	4734.21301198
COFLOWID9	146	75	1022	1579778925.36	1579783659.57	4734.21301889
COFLOWID9	146	77	1022	1579778925.36	1579783659.57	4734.21302581
COFLOWID9	146	82	1022	1579778925.36	1579783659.57	4734.21303177
COFLOWID9	146	87	1022	1579778925.36	1579783659.57	4734.21303892
COFLOWID9	146	101	1022	1579778925.36	1579783659.57	4734.21304584
COFLOWID9	146	102	1022	1579778925.36	1579783659.58	4734.21356082
COFLOWID9	146	113	1022	1579778925.36	1579783659.58	4734.21356797
COFLOWID9	146	123	1022	1579778925.36	1579783659.58	4734.21357393
COFLOWID9	146	124	1022	1579778925.36	1579783659.58	4734.21357989
COFLOWID9	146	125	1022	1579778925.36	1579783659.58	4734.21621084
COFLOWID9	146	132	1022	1579778925.36	1579783659.58	4734.216223
COFLOWID9	146	133	1022	1579778925.36	1579783659.58	4734.21623087
COFLOWID9	146	141	1022	1579778925.36	1579783659.58	4734.21623683
COFLOWID9	146	142	1022	1579778925.36	1579783659.58	4734.21624494
COFLOWID9	146	144	1022	1579778925.36	1579783659.58	4734.21624994
COFLOWID9	146	145	1022	1579778925.36	1579783659.58	4734.21625686
COFLOWID9	146	146	1022	1579778925.36	1579783659.59	4734.23000884
COFLOWID9	146	149	1022	1579778925.36	1579783659.59	4734.23002386
COFLOWID9	10	31	2045	1579778537.11	1579784663.27	6126.16386104
COFLOWID9	10	40	2045	1579778537.11	1579784663.28	6126.17184496
COFLOWID9	10	56	2045	1579778537.11	1579784663.28	6126.17185807
COFLOWID9	10	63	2045	1579778537.11	1579784663.28	6126.17186403
COFLOWID9	10	72	2045	1579778537.11	1579784663.28	6126.17186999
COFLOWID9	10	106	2045	1579778537.11	1579784663.28	6126.17187595
COFLOWID9	10	109	2045	1579778537.11	1579784663.28	6126.17378592
COFLOWID9	10	134	2045	1579778537.11	1579784663.28	6126.17379999
COFLOWID9	10	143	2045	1579778537.11	1579784663.28	6126.17380905
COFLOWID9	50	31	2045	1579778605.25	1579784744.13	6138.88795996
COFLOWID9	50	40	2045	1579778605.25	1579784744.13	6138.88895106
COFLOWID9	50	56	2045	1579778605.25	1579784744.13	6138.888973
COFLOWID9	50	63	2045	1579778605.25	1579784744.13	6138.888978
COFLOWID9	50	72	2045	1579778605.25	1579784744.13	6138.8889811
COFLOWID9	50	106	2045	1579778605.25	1579784744.13	6138.88900614
COFLOWID9	50	109	2045	1579778605.25	1579784744.13	6138.88901305
COFLOWID9	50	134	2045	1579778605.25	1579784744.13	6138.88901997
COFLOWID9	50	143	2045	1579778605.25	1579784744.13	6138.88905501
COFLOWID9	58	31	2045	1579778605.25	1579784754.77	6149.51995897
COFLOWID9	58	40	2045	1579778605.25	1579784754.77	6149.52099299
COFLOWID9	58	56	2045	1579778605.25	1579784754.77	6149.52102208
COFLOWID9	58	63	2045	1579778605.25	1579784754.77	6149.521029
COFLOWID9	58	72	2045	1579778605.25	1579784754.77	6149.52103591
COFLOWID9	58	106	2045	1579778605.25	1579784754.77	6149.52104187
COFLOWID9	58	109	2045	1579778605.25	1579784754.77	6149.52156591
COFLOWID9	58	134	2045	1579778605.25	1579784754.77	6149.52157497
COFLOWID9	58	143	2045	1579778605.25	1579784754.77	6149.52158189
COFLOWID9	74	31	2045	1579778605.25	1579784765.71	6160.45994616
COFLOWID9	74	40	2045	1579778605.25	1579784765.71	6160.45997405
COFLOWID9	74	56	2045	1579778605.25	1579784765.71	6160.45998096
COFLOWID9	74	63	2045	1579778605.25	1579784765.71	6160.45998812
COFLOWID9	74	72	2045	1579778605.25	1579784765.71	6160.45999408
COFLOWID9	74	106	2045	1579778605.25	1579784765.71	6160.46001506
COFLOWID9	74	109	2045	1579778605.25	1579784765.71	6160.46002316
COFLOWID9	74	134	2045	1579778605.25	1579784765.71	6160.46003103
COFLOWID9	74	143	2045	1579778605.25	1579784765.71	6160.46097398
COFLOWID9	122	31	2045	1579778605.25	1579784776.6	6171.355937
COFLOWID9	122	40	2045	1579778605.25	1579784776.6	6171.35596704
COFLOWID9	122	56	2045	1579778605.25	1579784776.6	6171.35597396
COFLOWID9	122	63	2045	1579778605.25	1579784776.6	6171.35597897
COFLOWID9	122	72	2045	1579778605.25	1579784776.6	6171.35598803
COFLOWID9	122	106	2045	1579778605.25	1579784776.62	6171.37635112
COFLOWID9	122	109	2045	1579778605.25	1579784776.62	6171.37637901
COFLOWID9	122	134	2045	1579778605.25	1579784776.62	6171.37652111
COFLOWID9	122	143	2045	1579778605.25	1579784776.62	6171.37652612
COFLOWID9	130	31	2045	1579778925.36	1579784829.24	5903.87992096
COFLOWID9	130	40	2045	1579778925.36	1579784829.24	5903.87995005
COFLOWID9	130	56	2045	1579778925.36	1579784829.24	5903.87995696
COFLOWID9	130	63	2045	1579778925.36	1579784829.24	5903.87996006
COFLOWID9	130	72	2045	1579778925.36	1579784829.24	5903.88064289
COFLOWID9	130	106	2045	1579778925.36	1579784829.24	5903.8806479
COFLOWID9	130	109	2045	1579778925.36	1579784829.24	5903.88065195
COFLOWID9	130	134	2045	1579778925.36	1579784829.24	5903.88065505
COFLOWID9	130	143	2045	1579778925.36	1579784829.24	5903.8806591
COFLOWID9	146	31	2045	1579778925.36	1579784840.2	5914.83589983
COFLOWID9	146	40	2045	1579778925.36	1579784840.2	5914.836097
COFLOWID9	146	56	2045	1579778925.36	1579784840.2	5914.83610177
COFLOWID9	146	63	2045	1579778925.36	1579784840.2	5914.83610392
COFLOWID9	146	72	2045	1579778925.36	1579784840.2	5914.83610678
COFLOWID9	146	106	2045	1579778925.36	1579784840.2	5914.83610988
COFLOWID9	146	109	2045	1579778925.36	1579784840.2	5914.83611298
COFLOWID9	146	134	2045	1579778925.36	1579784840.2	5914.83611488
COFLOWID9	146	143	2045	1579778925.36	1579784840.2	5914.83611798
COFLOWID9	10	4	3068	1579778537.11	1579785200.91	6663.79987097
COFLOWID9	10	32	3068	1579778537.11	1579785200.91	6663.79990005
COFLOWID9	10	65	3068	1579778537.11	1579785200.91	6663.79990602
COFLOWID9	10	92	3068	1579778537.11	1579785200.91	6663.79991102
COFLOWID9	50	4	3068	1579778605.25	1579785228.49	6623.23997498
COFLOWID9	50	32	3068	1579778605.25	1579785228.49	6623.24000812
COFLOWID9	50	65	3068	1579778605.25	1579785228.49	6623.24001312
COFLOWID9	50	92	3068	1579778605.25	1579785228.49	6623.24001694
COFLOWID9	58	4	3068	1579778605.25	1579785232.41	6627.16795588
COFLOWID9	58	32	3068	1579778605.25	1579785232.41	6627.16797709
COFLOWID9	58	65	3068	1579778605.25	1579785232.41	6627.16798306
COFLOWID9	58	92	3068	1579778605.25	1579785232.41	6627.16798902
COFLOWID9	74	4	3068	1579778605.25	1579785236.33	6631.07994699
COFLOWID9	74	32	3068	1579778605.25	1579785236.33	6631.07997012
COFLOWID9	74	65	3068	1579778605.25	1579785236.33	6631.07997608
COFLOWID9	74	92	3068	1579778605.25	1579785236.33	6631.07999611
COFLOWID9	122	4	3068	1579778605.25	1579785240.15	6634.90795112
COFLOWID9	122	32	3068	1579778605.25	1579785240.15	6634.90797091
COFLOWID9	122	65	3068	1579778605.25	1579785240.15	6634.90798306
COFLOWID9	122	92	3068	1579778605.25	1579785240.15	6634.90933299
COFLOWID9	130	4	3068	1579778925.36	1579785255.75	6330.39191508
COFLOWID9	130	32	3068	1579778925.36	1579785255.75	6330.39194989
COFLOWID9	130	65	3068	1579778925.36	1579785255.76	6330.3998909
COFLOWID9	130	92	3068	1579778925.36	1579785255.76	6330.39990592
COFLOWID9	146	4	3068	1579778925.36	1579785259.73	6334.36790991
COFLOWID9	146	32	3068	1579778925.36	1579785259.73	6334.36792779
COFLOWID9	146	65	3068	1579778925.36	1579785259.73	6334.36793494
COFLOWID9	146	92	3068	1579778925.36	1579785259.73	6334.3679409
COFLOWID9	10	16	7160	1579778537.11	1579785592.72	7055.61588502
COFLOWID9	50	16	7160	1579778605.25	1579785597.66	6992.41595602
COFLOWID9	58	16	7160	1579778605.25	1579785598.43	6993.18794703
COFLOWID9	74	16	7160	1579778605.25	1579785599.23	6993.98797417
COFLOWID9	122	16	7160	1579778605.25	1579785599.87	6994.62393308
COFLOWID9	130	16	7160	1579778925.36	1579785602.2	6676.83991003
COFLOWID9	146	16	7160	1579778925.36	1579785602.99	6677.62795496
COFLOWID4	2	3	12275	1579778482.1	1579805998.89	27516.7840061
COFLOWID4	2	6	12275	1579778482.1	1579805998.89	27516.7840281
COFLOWID4	2	9	12275	1579778482.1	1579805998.89	27516.7840321
COFLOWID4	2	19	12275	1579778482.1	1579805998.89	27516.7840362
COFLOWID4	2	24	12275	1579778482.1	1579805998.89	27516.78404
COFLOWID4	2	26	12275	1579778482.1	1579805998.89	27516.784044
COFLOWID4	2	32	12275	1579778482.1	1579805998.89	27516.7840471
COFLOWID4	2	35	12275	1579778482.1	1579805998.89	27516.78405
COFLOWID4	2	44	12275	1579778482.1	1579805998.89	27516.784054
COFLOWID4	2	47	12275	1579778482.1	1579805998.89	27516.7840571
COFLOWID4	2	59	12275	1579778482.1	1579805998.89	27516.784061
COFLOWID4	2	62	12275	1579778482.1	1579805998.89	27516.7840641
COFLOWID4	2	66	12275	1579778482.1	1579805998.89	27516.7840681
COFLOWID4	2	71	12275	1579778482.1	1579805998.89	27516.784071
COFLOWID4	2	78	12275	1579778482.1	1579805998.89	27516.7840741
COFLOWID4	2	90	12275	1579778482.1	1579805998.89	27516.7840781
COFLOWID4	2	91	12275	1579778482.1	1579805998.89	27516.784081
COFLOWID4	2	100	12275	1579778482.1	1579805998.89	27516.784085
COFLOWID4	2	102	12275	1579778482.1	1579805998.89	27516.7840881
COFLOWID4	2	103	12275	1579778482.1	1579805998.89	27516.7840922
COFLOWID4	2	105	12275	1579778482.1	1579805998.89	27516.784095
COFLOWID4	2	120	12275	1579778482.1	1579805998.89	27516.7840991
COFLOWID4	2	123	12275	1579778482.1	1579805998.89	27516.784102
COFLOWID4	2	127	12275	1579778482.1	1579805998.89	27516.7841051
COFLOWID4	2	128	12275	1579778482.1	1579805998.89	27516.7841091
COFLOWID4	2	132	12275	1579778482.1	1579805998.89	27516.784112
COFLOWID4	2	134	12275	1579778482.1	1579805998.89	27516.784116
COFLOWID4	2	140	12275	1579778482.1	1579805998.89	27516.7841191
COFLOWID4	2	144	12275	1579778482.1	1579805998.89	27516.784122
COFLOWID4	2	146	12275	1579778482.1	1579805998.89	27516.784126
COFLOWID4	2	147	12275	1579778482.1	1579805998.89	27516.7841291
COFLOWID4	2	148	12275	1579778482.1	1579805998.89	27516.784132
COFLOWID4	34	3	12275	1579778572.76	1579806133.63	27560.87204
COFLOWID4	34	6	12275	1579778572.76	1579806133.63	27560.8720601
COFLOWID4	34	9	12275	1579778572.76	1579806133.63	27560.8720639
COFLOWID4	34	19	12275	1579778572.76	1579806133.63	27560.8720679
COFLOWID4	34	24	12275	1579778572.76	1579806133.63	27560.872071
COFLOWID4	34	26	12275	1579778572.76	1579806133.63	27560.8720748
COFLOWID4	34	32	12275	1579778572.76	1579806133.63	27560.8720779
COFLOWID4	34	35	12275	1579778572.76	1579806133.63	27560.872082
COFLOWID4	34	44	12275	1579778572.76	1579806133.63	27560.8720849
COFLOWID4	34	47	12275	1579778572.76	1579806133.63	27560.8720889
COFLOWID4	34	59	12275	1579778572.76	1579806133.63	27560.872092
COFLOWID4	34	62	12275	1579778572.76	1579806133.63	27560.8720949
COFLOWID4	34	66	12275	1579778572.76	1579806133.63	27560.8720989
COFLOWID4	34	71	12275	1579778572.76	1579806133.63	27560.872102
COFLOWID4	34	78	12275	1579778572.76	1579806133.63	27560.8721049
COFLOWID4	34	90	12275	1579778572.76	1579806133.63	27560.8721089
COFLOWID4	34	91	12275	1579778572.76	1579806133.63	27560.872112
COFLOWID4	34	100	12275	1579778572.76	1579806133.63	27560.872134
COFLOWID4	34	102	12275	1579778572.76	1579806133.63	27560.872138
COFLOWID4	34	103	12275	1579778572.76	1579806133.63	27560.8721418
COFLOWID4	34	105	12275	1579778572.76	1579806133.63	27560.8721449
COFLOWID4	34	120	12275	1579778572.76	1579806133.63	27560.872149
COFLOWID4	34	123	12275	1579778572.76	1579806133.63	27560.8721519
COFLOWID4	34	127	12275	1579778572.76	1579806133.63	27560.8721559
COFLOWID4	34	128	12275	1579778572.76	1579806133.63	27560.872159
COFLOWID4	34	132	12275	1579778572.76	1579806133.63	27560.8721619
COFLOWID4	34	134	12275	1579778572.76	1579806133.63	27560.8721659
COFLOWID4	34	140	12275	1579778572.76	1579806133.63	27560.872169
COFLOWID4	34	144	12275	1579778572.76	1579806133.63	27560.8721719
COFLOWID4	34	146	12275	1579778572.76	1579806133.63	27560.872175
COFLOWID4	34	147	12275	1579778572.76	1579806133.63	27560.872179
COFLOWID4	34	148	12275	1579778572.76	1579806133.63	27560.8721819
COFLOWID4	90	3	12275	1579778572.76	1579806162.58	27589.8200209
COFLOWID4	90	6	12275	1579778572.76	1579806162.58	27589.8200588
COFLOWID4	90	9	12275	1579778572.76	1579806162.58	27589.820066
COFLOWID4	90	19	12275	1579778572.76	1579806162.58	27589.8200719
COFLOWID4	90	24	12275	1579778572.76	1579806162.58	27589.8200788
COFLOWID4	90	26	12275	1579778572.76	1579806162.58	27589.8200848
COFLOWID4	90	32	12275	1579778572.76	1579806162.58	27589.8200908
COFLOWID4	90	35	12275	1579778572.76	1579806162.58	27589.8200958
COFLOWID4	90	44	12275	1579778572.76	1579806162.58	27589.8201008
COFLOWID4	90	47	12275	1579778572.76	1579806162.58	27589.820107
COFLOWID4	90	59	12275	1579778572.76	1579806162.58	27589.8201129
COFLOWID4	90	62	12275	1579778572.76	1579806162.58	27589.8201189
COFLOWID4	90	66	12275	1579778572.76	1579806162.58	27589.8201249
COFLOWID4	90	71	12275	1579778572.76	1579806162.58	27589.8201318
COFLOWID4	90	78	12275	1579778572.76	1579806162.58	27589.820138
COFLOWID4	90	90	12275	1579778572.76	1579806162.58	27589.8201439
COFLOWID4	90	91	12275	1579778572.76	1579806162.58	27589.8201509
COFLOWID4	90	100	12275	1579778572.76	1579806162.58	27589.8201559
COFLOWID4	90	102	12275	1579778572.76	1579806162.58	27589.8201618
COFLOWID4	90	103	12275	1579778572.76	1579806162.58	27589.820169
COFLOWID4	90	105	12275	1579778572.76	1579806162.58	27589.8201749
COFLOWID4	90	120	12275	1579778572.76	1579806162.58	27589.8201799
COFLOWID4	90	123	12275	1579778572.76	1579806162.58	27589.8201869
COFLOWID4	90	127	12275	1579778572.76	1579806162.58	27589.8201919
COFLOWID4	90	128	12275	1579778572.76	1579806162.58	27589.8201978
COFLOWID4	90	132	12275	1579778572.76	1579806162.58	27589.820205
COFLOWID4	90	134	12275	1579778572.76	1579806162.58	27589.8202109
COFLOWID4	90	140	12275	1579778572.76	1579806162.58	27589.8202169
COFLOWID4	90	144	12275	1579778572.76	1579806162.58	27589.8202229
COFLOWID4	90	146	12275	1579778572.76	1579806162.58	27589.8202288
COFLOWID4	90	147	12275	1579778572.76	1579806162.58	27589.8202338
COFLOWID4	90	148	12275	1579778572.76	1579806162.58	27589.8202398
COFLOWID4	98	3	12275	1579778572.76	1579806190.99	27618.2280011
COFLOWID4	98	6	12275	1579778572.76	1579806190.99	27618.2280281
COFLOWID4	98	9	12275	1579778572.76	1579806190.99	27618.228035
COFLOWID4	98	19	12275	1579778572.76	1579806190.99	27618.2280421
COFLOWID4	98	24	12275	1579778572.76	1579806190.99	27618.228049
COFLOWID4	98	26	12275	1579778572.76	1579806190.99	27618.228055
COFLOWID4	98	32	12275	1579778572.76	1579806190.99	27618.228061
COFLOWID4	98	35	12275	1579778572.76	1579806190.99	27618.2280681
COFLOWID4	98	44	12275	1579778572.76	1579806190.99	27618.2280741
COFLOWID4	98	47	12275	1579778572.76	1579806190.99	27618.22808
COFLOWID4	98	59	12275	1579778572.76	1579806190.99	27618.2280869
COFLOWID4	98	62	12275	1579778572.76	1579806190.99	27618.2280929
COFLOWID4	98	66	12275	1579778572.76	1579806190.99	27618.2280991
COFLOWID4	98	71	12275	1579778572.76	1579806190.99	27618.228106
COFLOWID4	98	78	12275	1579778572.76	1579806190.99	27618.228112
COFLOWID4	98	90	12275	1579778572.76	1579806190.99	27618.2281191
COFLOWID4	98	91	12275	1579778572.76	1579806190.99	27618.2281251
COFLOWID4	98	100	12275	1579778572.76	1579806190.99	27618.2281551
COFLOWID4	98	102	12275	1579778572.76	1579806190.99	27618.2281621
COFLOWID4	98	103	12275	1579778572.76	1579806190.99	27618.228169
COFLOWID4	98	105	12275	1579778572.76	1579806190.99	27618.2281749
COFLOWID4	98	120	12275	1579778572.76	1579806190.99	27618.2281811
COFLOWID4	98	123	12275	1579778572.76	1579806190.99	27618.228188
COFLOWID4	98	127	12275	1579778572.76	1579806190.99	27618.228194
COFLOWID4	98	128	12275	1579778572.76	1579806190.99	27618.2282009
COFLOWID4	98	132	12275	1579778572.76	1579806190.99	27618.2282071
COFLOWID4	98	134	12275	1579778572.76	1579806190.99	27618.2282131
COFLOWID4	98	140	12275	1579778572.76	1579806190.99	27618.228219
COFLOWID4	98	144	12275	1579778572.76	1579806190.99	27618.2282259
COFLOWID4	98	146	12275	1579778572.76	1579806190.99	27618.2282319
COFLOWID4	98	147	12275	1579778572.76	1579806190.99	27618.2282381
COFLOWID4	98	148	12275	1579778572.76	1579806190.99	27618.228245
COFLOWID4	2	29	13298	1579778482.1	1579807350.04	28867.9399741
COFLOWID4	2	33	13298	1579778482.1	1579807350.04	28867.9399931
COFLOWID4	2	37	13298	1579778482.1	1579807350.04	28867.939997
COFLOWID4	2	38	13298	1579778482.1	1579807350.04	28867.940001
COFLOWID4	2	40	13298	1579778482.1	1579807350.04	28867.9400041
COFLOWID4	2	46	13298	1579778482.1	1579807350.04	28867.9400082
COFLOWID4	2	68	13298	1579778482.1	1579807350.04	28867.940011
COFLOWID4	2	69	13298	1579778482.1	1579807350.04	28867.9400141
COFLOWID4	2	74	13298	1579778482.1	1579807350.04	28867.9400182
COFLOWID4	2	81	13298	1579778482.1	1579807350.04	28867.940021
COFLOWID4	34	29	13298	1579778572.76	1579807445.73	28872.9760079
COFLOWID4	34	33	13298	1579778572.76	1579807445.73	28872.9760289
COFLOWID4	34	37	13298	1579778572.76	1579807445.73	28872.976033
COFLOWID4	34	38	13298	1579778572.76	1579807445.73	28872.976037
COFLOWID4	34	40	13298	1579778572.76	1579807445.73	28872.9760399
COFLOWID4	34	46	13298	1579778572.76	1579807445.73	28872.976043
COFLOWID4	34	68	13298	1579778572.76	1579807445.73	28872.9760458
COFLOWID4	34	69	13298	1579778572.76	1579807445.73	28872.9760489
COFLOWID4	34	74	13298	1579778572.76	1579807445.73	28872.976052
COFLOWID4	34	81	13298	1579778572.76	1579807445.73	28872.9760549
COFLOWID4	90	29	13298	1579778572.76	1579807465.43	28892.6760068
COFLOWID4	90	33	13298	1579778572.76	1579807465.43	28892.676023
COFLOWID4	90	37	13298	1579778572.76	1579807465.43	28892.6760268
COFLOWID4	90	38	13298	1579778572.76	1579807465.43	28892.6760299
COFLOWID4	90	40	13298	1579778572.76	1579807465.43	28892.6760328
COFLOWID4	90	46	13298	1579778572.76	1579807465.43	28892.6760359
COFLOWID4	90	68	13298	1579778572.76	1579807465.43	28892.676039
COFLOWID4	90	69	13298	1579778572.76	1579807465.43	28892.6760418
COFLOWID4	90	74	13298	1579778572.76	1579807465.43	28892.6760449
COFLOWID4	90	81	13298	1579778572.76	1579807465.43	28892.6760478
COFLOWID4	98	29	13298	1579778572.76	1579807485.28	28912.5239921
COFLOWID4	98	33	13298	1579778572.76	1579807485.28	28912.524014
COFLOWID4	98	37	13298	1579778572.76	1579807485.28	28912.524018
COFLOWID4	98	38	13298	1579778572.76	1579807485.28	28912.5240209
COFLOWID4	98	40	13298	1579778572.76	1579807485.28	28912.524025
COFLOWID4	98	46	13298	1579778572.76	1579807485.28	28912.5240281
COFLOWID4	98	68	13298	1579778572.76	1579807485.28	28912.5240309
COFLOWID4	98	69	13298	1579778572.76	1579807485.28	28912.524034
COFLOWID4	98	74	13298	1579778572.76	1579807485.28	28912.5240371
COFLOWID4	98	81	13298	1579778572.76	1579807485.28	28912.52404
COFLOWID4	2	0	24550	1579778482.1	1579819147.31	40665.2039731
COFLOWID4	2	7	24550	1579778482.1	1579819147.31	40665.2039921
COFLOWID4	2	45	24550	1579778482.1	1579819147.31	40665.2039962
COFLOWID4	2	51	24550	1579778482.1	1579819147.31	40665.2040012
COFLOWID4	2	65	24550	1579778482.1	1579819147.31	40665.204004
COFLOWID4	2	67	24550	1579778482.1	1579819147.31	40665.2040071
COFLOWID4	2	70	24550	1579778482.1	1579819147.31	40665.20401
COFLOWID4	2	83	24550	1579778482.1	1579819147.31	40665.2040131
COFLOWID4	2	85	24550	1579778482.1	1579819147.31	40665.204016
COFLOWID4	2	86	24550	1579778482.1	1579819147.31	40665.2040191
COFLOWID4	2	89	24550	1579778482.1	1579819147.31	40665.204041
COFLOWID4	2	92	24550	1579778482.1	1579819147.31	40665.2040451
COFLOWID4	2	96	24550	1579778482.1	1579819147.31	40665.2040482
COFLOWID4	2	101	24550	1579778482.1	1579819147.31	40665.204051
COFLOWID4	2	108	24550	1579778482.1	1579819147.31	40665.2040541
COFLOWID4	2	112	24550	1579778482.1	1579819147.31	40665.204057
COFLOWID4	2	116	24550	1579778482.1	1579819147.31	40665.2040591
COFLOWID4	2	118	24550	1579778482.1	1579819147.31	40665.204062
COFLOWID4	2	124	24550	1579778482.1	1579819147.31	40665.2040651
COFLOWID4	2	130	24550	1579778482.1	1579819147.31	40665.2040682
COFLOWID4	2	133	24550	1579778482.1	1579819147.31	40665.204071
COFLOWID4	2	136	24550	1579778482.1	1579819147.31	40665.2040741
COFLOWID4	2	145	24550	1579778482.1	1579819147.31	40665.2040761
COFLOWID4	34	0	24550	1579778572.76	1579819226.05	40653.296001
COFLOWID4	34	7	24550	1579778572.76	1579819226.05	40653.2960238
COFLOWID4	34	45	24550	1579778572.76	1579819226.05	40653.2960279
COFLOWID4	34	51	24550	1579778572.76	1579819226.05	40653.296032
COFLOWID4	34	65	24550	1579778572.76	1579819226.05	40653.2960351
COFLOWID4	34	67	24550	1579778572.76	1579819226.05	40653.2960379
COFLOWID4	34	70	24550	1579778572.76	1579819226.05	40653.296041
COFLOWID4	34	83	24550	1579778572.76	1579819226.05	40653.2960439
COFLOWID4	34	85	24550	1579778572.76	1579819226.05	40653.296047
COFLOWID4	34	86	24550	1579778572.76	1579819226.05	40653.2960498
COFLOWID4	34	89	24550	1579778572.76	1579819226.05	40653.2960529
COFLOWID4	34	92	24550	1579778572.76	1579819226.05	40653.296056
COFLOWID4	34	96	24550	1579778572.76	1579819226.05	40653.2960589
COFLOWID4	34	101	24550	1579778572.76	1579819226.05	40653.296061
COFLOWID4	34	108	24550	1579778572.76	1579819226.05	40653.2960639
COFLOWID4	34	112	24550	1579778572.76	1579819226.05	40653.296067
COFLOWID4	34	116	24550	1579778572.76	1579819226.05	40653.2960699
COFLOWID4	34	118	24550	1579778572.76	1579819226.05	40653.296073
COFLOWID4	34	124	24550	1579778572.76	1579819226.05	40653.2960761
COFLOWID4	34	130	24550	1579778572.76	1579819226.05	40653.2960789
COFLOWID4	34	133	24550	1579778572.76	1579819226.05	40653.2960808
COFLOWID4	34	136	24550	1579778572.76	1579819226.05	40653.2960839
COFLOWID4	34	145	24550	1579778572.76	1579819226.05	40653.296087
COFLOWID4	90	0	24550	1579778572.76	1579819242.59	40669.835979
COFLOWID4	90	7	24550	1579778572.76	1579819242.59	40669.836
COFLOWID4	90	45	24550	1579778572.76	1579819242.59	40669.8360069
COFLOWID4	90	51	24550	1579778572.76	1579819242.59	40669.8360128
COFLOWID4	90	65	24550	1579778572.76	1579819242.59	40669.8360188
COFLOWID4	90	67	24550	1579778572.76	1579819242.59	40669.836025
COFLOWID4	90	70	24550	1579778572.76	1579819242.59	40669.836031
COFLOWID4	90	83	24550	1579778572.76	1579819242.59	40669.8360369
COFLOWID4	90	85	24550	1579778572.76	1579819242.59	40669.8360419
COFLOWID4	90	86	24550	1579778572.76	1579819242.59	40669.8360479
COFLOWID4	90	89	24550	1579778572.76	1579819242.59	40669.8360538
COFLOWID4	90	92	24550	1579778572.76	1579819242.59	40669.8360589
COFLOWID4	90	96	24550	1579778572.76	1579819242.59	40669.8360639
COFLOWID4	90	101	24550	1579778572.76	1579819242.59	40669.8360698
COFLOWID4	90	108	24550	1579778572.76	1579819242.59	40669.8360748
COFLOWID4	90	112	24550	1579778572.76	1579819242.59	40669.8360798
COFLOWID4	90	116	24550	1579778572.76	1579819242.59	40669.8360858
COFLOWID4	90	118	24550	1579778572.76	1579819242.59	40669.8360908
COFLOWID4	90	124	24550	1579778572.76	1579819242.59	40669.836097
COFLOWID4	90	130	24550	1579778572.76	1579819242.59	40669.8361018
COFLOWID4	90	133	24550	1579778572.76	1579819242.59	40669.836108
COFLOWID4	90	136	24550	1579778572.76	1579819242.59	40669.836113
COFLOWID4	90	145	24550	1579778572.76	1579819242.59	40669.836118
COFLOWID4	98	0	24550	1579778572.76	1579819258.99	40686.227998
COFLOWID4	98	7	24550	1579778572.76	1579819258.99	40686.2280161
COFLOWID4	98	45	24550	1579778572.76	1579819258.99	40686.2280209
COFLOWID4	98	51	24550	1579778572.76	1579819258.99	40686.228025
COFLOWID4	98	65	24550	1579778572.76	1579819258.99	40686.228029
COFLOWID4	98	67	24550	1579778572.76	1579819258.99	40686.228055
COFLOWID4	98	70	24550	1579778572.76	1579819258.99	40686.228066
COFLOWID4	98	83	24550	1579778572.76	1579819258.99	40686.2280719
COFLOWID4	98	85	24550	1579778572.76	1579819258.99	40686.2280781
COFLOWID4	98	86	24550	1579778572.76	1579819258.99	40686.2280841
COFLOWID4	98	89	24550	1579778572.76	1579819258.99	40686.2280891
COFLOWID4	98	92	24550	1579778572.76	1579819258.99	40686.2280941
COFLOWID4	98	96	24550	1579778572.76	1579819258.99	40686.2280991
COFLOWID4	98	101	24550	1579778572.76	1579819258.99	40686.2281051
COFLOWID4	98	108	24550	1579778572.76	1579819258.99	40686.228111
COFLOWID4	98	112	24550	1579778572.76	1579819258.99	40686.228116
COFLOWID4	98	116	24550	1579778572.76	1579819258.99	40686.228121
COFLOWID4	98	118	24550	1579778572.76	1579819258.99	40686.2281289
COFLOWID4	98	124	24550	1579778572.76	1579819258.99	40686.2281351
COFLOWID4	98	130	24550	1579778572.76	1579819258.99	40686.228142
COFLOWID4	98	133	24550	1579778572.76	1579819258.99	40686.228148
COFLOWID4	98	136	24550	1579778572.76	1579819258.99	40686.2281539
COFLOWID4	98	145	24550	1579778572.76	1579819258.99	40686.228159
COFLOWID4	2	5	25573	1579778482.1	1579819914.15	41432.047929
COFLOWID4	2	10	25573	1579778482.1	1579819914.15	41432.0479481
COFLOWID4	2	21	25573	1579778482.1	1579819914.15	41432.047951
COFLOWID4	2	31	25573	1579778482.1	1579819914.15	41432.047955
COFLOWID4	2	34	25573	1579778482.1	1579819914.15	41432.0479572
COFLOWID4	2	43	25573	1579778482.1	1579819914.15	41432.04796
COFLOWID4	2	49	25573	1579778482.1	1579819914.15	41432.0479631
COFLOWID4	2	53	25573	1579778482.1	1579819914.15	41432.047965
COFLOWID4	2	76	25573	1579778482.1	1579819914.15	41432.0479681
COFLOWID4	2	77	25573	1579778482.1	1579819914.15	41432.047971
COFLOWID4	34	5	25573	1579778572.76	1579819969.93	41397.1680219
COFLOWID4	34	10	25573	1579778572.76	1579819969.93	41397.16804
COFLOWID4	34	21	25573	1579778572.76	1579819969.93	41397.1680439
COFLOWID4	34	31	25573	1579778572.76	1579819969.93	41397.168047
COFLOWID4	34	34	25573	1579778572.76	1579819969.93	41397.1680501
COFLOWID4	34	43	25573	1579778572.76	1579819969.93	41397.1680529
COFLOWID4	34	49	25573	1579778572.76	1579819969.93	41397.168056
COFLOWID4	34	53	25573	1579778572.76	1579819969.93	41397.1680579
COFLOWID4	34	76	25573	1579778572.76	1579819969.93	41397.168061
COFLOWID4	34	77	25573	1579778572.76	1579819969.93	41397.1680639
COFLOWID4	90	5	25573	1579778572.76	1579819980.99	41408.2320118
COFLOWID4	90	10	25573	1579778572.76	1579819980.99	41408.2320268
COFLOWID4	90	21	25573	1579778572.76	1579819980.99	41408.2320309
COFLOWID4	90	31	25573	1579778572.76	1579819980.99	41408.2320328
COFLOWID4	90	34	25573	1579778572.76	1579819980.99	41408.2320359
COFLOWID4	90	43	25573	1579778572.76	1579819980.99	41408.232039
COFLOWID4	90	49	25573	1579778572.76	1579819980.99	41408.2320418
COFLOWID4	90	53	25573	1579778572.76	1579819980.99	41408.2320449
COFLOWID4	90	76	25573	1579778572.76	1579819980.99	41408.2320468
COFLOWID4	90	77	25573	1579778572.76	1579819980.99	41408.2320499
COFLOWID4	98	5	25573	1579778572.76	1579819992.53	41419.7760081
COFLOWID4	98	10	25573	1579778572.76	1579819992.53	41419.776027
COFLOWID4	98	21	25573	1579778572.76	1579819992.53	41419.776031
COFLOWID4	98	31	25573	1579778572.76	1579819992.53	41419.7760341
COFLOWID4	98	34	25573	1579778572.76	1579819992.53	41419.776037
COFLOWID4	98	43	25573	1579778572.76	1579819992.53	41419.7760401
COFLOWID4	98	49	25573	1579778572.76	1579819992.53	41419.776042
COFLOWID4	98	53	25573	1579778572.76	1579819992.53	41419.7760451
COFLOWID4	98	76	25573	1579778572.76	1579819992.53	41419.7760479
COFLOWID4	98	77	25573	1579778572.76	1579819992.53	41419.776051
COFLOWID4	2	1	36826	1579778482.1	1579826425.73	47943.623976
COFLOWID4	2	2	36826	1579778482.1	1579826425.73	47943.623996
COFLOWID4	2	4	36826	1579778482.1	1579826425.73	47943.624001
COFLOWID4	2	8	36826	1579778482.1	1579826425.73	47943.6240041
COFLOWID4	2	13	36826	1579778482.1	1579826425.73	47943.624006
COFLOWID4	2	15	36826	1579778482.1	1579826425.73	47943.6240091
COFLOWID4	2	23	36826	1579778482.1	1579826425.73	47943.624012
COFLOWID4	2	28	36826	1579778482.1	1579826425.73	47943.6240342
COFLOWID4	2	73	36826	1579778482.1	1579826425.73	47943.624037
COFLOWID4	2	84	36826	1579778482.1	1579826425.73	47943.6240401
COFLOWID4	2	93	36826	1579778482.1	1579826425.73	47943.624043
COFLOWID4	2	94	36826	1579778482.1	1579826425.73	47943.6240451
COFLOWID4	2	97	36826	1579778482.1	1579826425.73	47943.624047
COFLOWID4	2	98	36826	1579778482.1	1579826425.73	47943.6240501
COFLOWID4	2	99	36826	1579778482.1	1579826425.73	47943.624052
COFLOWID4	2	107	36826	1579778482.1	1579826425.73	47943.6240551
COFLOWID4	2	113	36826	1579778482.1	1579826425.73	47943.6240571
COFLOWID4	2	114	36826	1579778482.1	1579826425.73	47943.6240602
COFLOWID4	2	115	36826	1579778482.1	1579826425.73	47943.6240621
COFLOWID4	2	119	36826	1579778482.1	1579826425.73	47943.6240652
COFLOWID4	2	129	36826	1579778482.1	1579826425.73	47943.6240671
COFLOWID4	2	135	36826	1579778482.1	1579826425.73	47943.6240702
COFLOWID4	2	141	36826	1579778482.1	1579826425.73	47943.6240721
COFLOWID4	34	1	36826	1579778572.76	1579826466.91	47894.1479819
COFLOWID4	34	2	36826	1579778572.76	1579826466.91	47894.148006
COFLOWID4	34	4	36826	1579778572.76	1579826466.91	47894.1480119
COFLOWID4	34	8	36826	1579778572.76	1579826466.91	47894.1480169
COFLOWID4	34	13	36826	1579778572.76	1579826466.91	47894.1480219
COFLOWID4	34	15	36826	1579778572.76	1579826466.91	47894.1480279
COFLOWID4	34	23	36826	1579778572.76	1579826466.91	47894.1480329
COFLOWID4	34	28	36826	1579778572.76	1579826466.91	47894.148037
COFLOWID4	34	73	36826	1579778572.76	1579826466.91	47894.148042
COFLOWID4	34	84	36826	1579778572.76	1579826466.91	47894.148047
COFLOWID4	34	93	36826	1579778572.76	1579826466.91	47894.148051
COFLOWID4	34	94	36826	1579778572.76	1579826466.91	47894.148056
COFLOWID4	34	97	36826	1579778572.76	1579826466.91	47894.148061
COFLOWID4	34	98	36826	1579778572.76	1579826466.91	47894.1480649
COFLOWID4	34	99	36826	1579778572.76	1579826466.91	47894.1480699
COFLOWID4	34	107	36826	1579778572.76	1579826466.91	47894.1480739
COFLOWID4	34	113	36826	1579778572.76	1579826466.91	47894.1480789
COFLOWID4	34	114	36826	1579778572.76	1579826466.91	47894.148083
COFLOWID4	34	115	36826	1579778572.76	1579826466.91	47894.148088
COFLOWID4	34	119	36826	1579778572.76	1579826466.91	47894.148092
COFLOWID4	34	129	36826	1579778572.76	1579826466.91	47894.148097
COFLOWID4	34	135	36826	1579778572.76	1579826466.91	47894.148102
COFLOWID4	34	141	36826	1579778572.76	1579826466.91	47894.1481059
COFLOWID4	90	1	36826	1579778572.76	1579826476.09	47903.3359959
COFLOWID4	90	2	36826	1579778572.76	1579826476.09	47903.33601
COFLOWID4	90	4	36826	1579778572.76	1579826476.09	47903.3360138
COFLOWID4	90	8	36826	1579778572.76	1579826476.09	47903.3360169
COFLOWID4	90	13	36826	1579778572.76	1579826476.09	47903.33602
COFLOWID4	90	15	36826	1579778572.76	1579826476.09	47903.3360229
COFLOWID4	90	23	36826	1579778572.76	1579826476.09	47903.336026
COFLOWID4	90	28	36826	1579778572.76	1579826476.09	47903.3360279
COFLOWID4	90	73	36826	1579778572.76	1579826476.09	47903.336031
COFLOWID4	90	84	36826	1579778572.76	1579826476.09	47903.3360338
COFLOWID4	90	93	36826	1579778572.76	1579826476.09	47903.336036
COFLOWID4	90	94	36826	1579778572.76	1579826476.09	47903.3360388
COFLOWID4	90	97	36826	1579778572.76	1579826476.09	47903.336041
COFLOWID4	90	98	36826	1579778572.76	1579826476.09	47903.3360429
COFLOWID4	90	99	36826	1579778572.76	1579826476.09	47903.336046
COFLOWID4	90	107	36826	1579778572.76	1579826476.09	47903.3360479
COFLOWID4	90	113	36826	1579778572.76	1579826476.09	47903.336051
COFLOWID4	90	114	36826	1579778572.76	1579826476.09	47903.3360529
COFLOWID4	90	115	36826	1579778572.76	1579826476.09	47903.336056
COFLOWID4	90	119	36826	1579778572.76	1579826476.09	47903.3360579
COFLOWID4	90	129	36826	1579778572.76	1579826476.09	47903.336061
COFLOWID4	90	135	36826	1579778572.76	1579826476.09	47903.3360629
COFLOWID4	90	141	36826	1579778572.76	1579826476.09	47903.3360658
COFLOWID4	98	1	36826	1579778572.76	1579826485.37	47912.6080961
COFLOWID4	98	2	36826	1579778572.76	1579826485.37	47912.6081491
COFLOWID4	98	4	36826	1579778572.76	1579826485.37	47912.6081681
COFLOWID4	98	8	36826	1579778572.76	1579826485.37	47912.608254
COFLOWID4	98	13	36826	1579778572.76	1579826485.37	47912.6082711
COFLOWID4	98	15	36826	1579778572.76	1579826485.37	47912.6082859
COFLOWID4	98	23	36826	1579778572.76	1579826485.37	47912.6083
COFLOWID4	98	28	36826	1579778572.76	1579826485.37	47912.608315
COFLOWID4	98	73	36826	1579778572.76	1579826485.37	47912.6083281
COFLOWID4	98	84	36826	1579778572.76	1579826485.37	47912.6083419
COFLOWID4	98	93	36826	1579778572.76	1579826485.37	47912.608356
COFLOWID4	98	94	36826	1579778572.76	1579826485.37	47912.6083691
COFLOWID4	98	97	36826	1579778572.76	1579826485.37	47912.608382
COFLOWID4	98	98	36826	1579778572.76	1579826485.37	47912.6083951
COFLOWID4	98	99	36826	1579778572.76	1579826485.37	47912.608408
COFLOWID4	98	107	36826	1579778572.76	1579826485.37	47912.6084211
COFLOWID4	98	113	36826	1579778572.76	1579826485.37	47912.608434
COFLOWID4	98	114	36826	1579778572.76	1579826485.37	47912.608448
COFLOWID4	98	115	36826	1579778572.76	1579826485.37	47912.6084621
COFLOWID4	98	119	36826	1579778572.76	1579826485.37	47912.608475
COFLOWID4	98	129	36826	1579778572.76	1579826485.37	47912.6084881
COFLOWID4	98	135	36826	1579778572.76	1579826485.37	47912.608501
COFLOWID4	98	141	36826	1579778572.76	1579826485.37	47912.6085141
COFLOWID4	2	56	37849	1579778482.1	1579826716.5	48234.395977
COFLOWID4	2	80	37849	1579778482.1	1579826716.5	48234.3960021
COFLOWID4	34	56	37849	1579778572.76	1579826736.0	48163.24001
COFLOWID4	34	80	37849	1579778572.76	1579826736.0	48163.2400289
COFLOWID4	90	56	37849	1579778572.76	1579826739.92	48167.164011
COFLOWID4	90	80	37849	1579778572.76	1579826739.92	48167.164027
COFLOWID4	98	56	37849	1579778572.76	1579826743.97	48171.2160001
COFLOWID4	98	80	37849	1579778572.76	1579826743.97	48171.2160151
COFLOWID4	2	11	49101	1579778482.1	1579829253.93	50771.827965
COFLOWID4	2	18	49101	1579778482.1	1579829253.93	50771.827985
COFLOWID4	2	22	49101	1579778482.1	1579829253.93	50771.8279891
COFLOWID4	2	55	49101	1579778482.1	1579829253.93	50771.827991
COFLOWID4	2	88	49101	1579778482.1	1579829253.93	50771.8279941
COFLOWID4	2	104	49101	1579778482.1	1579829253.93	50771.827996
COFLOWID4	2	109	49101	1579778482.1	1579829253.93	50771.8279982
COFLOWID4	2	143	49101	1579778482.1	1579829253.93	50771.828001
COFLOWID4	34	11	49101	1579778572.76	1579829270.22	50697.464009
COFLOWID4	34	18	49101	1579778572.76	1579829270.22	50697.4640238
COFLOWID4	34	22	49101	1579778572.76	1579829270.22	50697.4640269
COFLOWID4	34	55	49101	1579778572.76	1579829270.22	50697.4640429
COFLOWID4	34	88	49101	1579778572.76	1579829270.22	50697.464045
COFLOWID4	34	104	49101	1579778572.76	1579829270.22	50697.4640479
COFLOWID4	34	109	49101	1579778572.76	1579829270.22	50697.4640501
COFLOWID4	34	143	49101	1579778572.76	1579829270.22	50697.464052
COFLOWID4	90	11	49101	1579778572.76	1579829273.83	50701.0719759
COFLOWID4	90	18	49101	1579778572.76	1579829273.83	50701.0720038
COFLOWID4	90	22	49101	1579778572.76	1579829273.83	50701.0720098
COFLOWID4	90	55	49101	1579778572.76	1579829273.83	50701.0720139
COFLOWID4	90	88	49101	1579778572.76	1579829273.83	50701.072017
COFLOWID4	90	104	49101	1579778572.76	1579829273.83	50701.0720208
COFLOWID4	90	109	49101	1579778572.76	1579829273.83	50701.0720248
COFLOWID4	90	143	49101	1579778572.76	1579829273.83	50701.0720289
COFLOWID4	98	11	49101	1579778572.76	1579829277.32	50704.5639889
COFLOWID4	98	18	49101	1579778572.76	1579829277.32	50704.5640061
COFLOWID4	98	22	49101	1579778572.76	1579829277.32	50704.564009
COFLOWID4	98	55	49101	1579778572.76	1579829277.32	50704.5640121
COFLOWID4	98	88	49101	1579778572.76	1579829277.32	50704.5640149
COFLOWID4	98	104	49101	1579778572.76	1579829277.32	50704.5640171
COFLOWID4	98	109	49101	1579778572.76	1579829277.32	50704.564019
COFLOWID4	98	143	49101	1579778572.76	1579829277.32	50704.5640221
COFLOWID4	2	17	61377	1579778482.1	1579830634.07	52151.9679661
COFLOWID4	2	25	61377	1579778482.1	1579830634.07	52151.967983
COFLOWID4	2	79	61377	1579778482.1	1579830634.07	52151.9679871
COFLOWID4	2	87	61377	1579778482.1	1579830634.07	52151.967989
COFLOWID4	2	117	61377	1579778482.1	1579830634.07	52151.9679911
COFLOWID4	2	126	61377	1579778482.1	1579830634.07	52151.9680111
COFLOWID4	34	17	61377	1579778572.76	1579830641.64	52068.8801069
COFLOWID4	34	25	61377	1579778572.76	1579830641.64	52068.880126
COFLOWID4	34	79	61377	1579778572.76	1579830641.64	52068.8801289
COFLOWID4	34	87	61377	1579778572.76	1579830641.64	52068.880131
COFLOWID4	34	117	61377	1579778572.76	1579830641.64	52068.8801339
COFLOWID4	34	126	61377	1579778572.76	1579830641.64	52068.880136
COFLOWID4	90	17	61377	1579778572.76	1579830643.35	52070.5959928
COFLOWID4	90	25	61377	1579778572.76	1579830643.35	52070.5960138
COFLOWID4	90	79	61377	1579778572.76	1579830643.35	52070.5960178
COFLOWID4	90	87	61377	1579778572.76	1579830643.35	52070.59602
COFLOWID4	90	117	61377	1579778572.76	1579830643.35	52070.5960228
COFLOWID4	90	126	61377	1579778572.76	1579830643.35	52070.596025
COFLOWID4	98	17	61377	1579778572.76	1579830645.18	52072.4240191
COFLOWID4	98	25	61377	1579778572.76	1579830645.18	52072.4240351
COFLOWID4	98	79	61377	1579778572.76	1579830645.18	52072.4240379
COFLOWID4	98	87	61377	1579778572.76	1579830645.18	52072.424041
COFLOWID4	98	117	61377	1579778572.76	1579830645.18	52072.4240429
COFLOWID4	98	126	61377	1579778572.76	1579830645.18	52072.424046
COFLOWID4	2	12	62400	1579778482.1	1579830669.83	52187.7279711
COFLOWID4	34	12	62400	1579778572.76	1579830671.77	52099.0120029
COFLOWID4	90	12	62400	1579778572.76	1579830672.23	52099.472018
COFLOWID4	98	12	62400	1579778572.76	1579830672.67	52099.9080091
COFLOWID4	2	138	73716	1579778482.1	1579830823.51	52341.4039731
COFLOWID4	34	138	73716	1579778572.76	1579830824.35	52251.5880849
COFLOWID4	90	138	73716	1579778572.76	1579830824.55	52251.796073
COFLOWID4	98	138	73716	1579778572.76	1579830824.77	52252.0160651
