CoflowID	Mapper	Reducer	DataSize(KB)	Starttime	Endtime	Interval
COFLOWID7	5	142	2045	1579778534.71	1579778717.94	183.232409954
COFLOWID7	13	142	2045	1579778537.85	1579778748.81	210.964203119
COFLOWID7	85	142	2045	1579778552.09	1579778787.69	235.603983879
COFLOWID7	101	142	2045	1579778555.78	1579778794.11	238.323980808
COFLOWID7	117	142	2045	1579778560.23	1579778798.93	238.707988977
COFLOWID7	133	142	2045	1579778571.84	1579778805.59	233.751996994
COFLOWID7	141	142	2045	1579778571.84	1579778806.74	234.899986029
COFLOWID9	5	0	1022	1579778538.7	1579784000.48	5461.775316
COFLOWID9	5	1	1022	1579778538.7	1579784000.48	5461.77629113
COFLOWID9	5	3	1022	1579778538.7	1579784000.48	5461.77630305
COFLOWID9	5	7	1022	1579778538.7	1579784000.48	5461.77631116
COFLOWID9	5	10	1022	1579778538.7	1579784000.48	5461.77631903
COFLOWID9	5	11	1022	1579778538.7	1579784000.48	5461.77632713
COFLOWID9	5	13	1022	1579778538.7	1579784000.48	5461.77633309
COFLOWID9	5	17	1022	1579778538.7	1579784000.48	5461.77634096
COFLOWID9	5	19	1022	1579778538.7	1579784000.48	5461.77634811
COFLOWID9	5	22	1022	1579778538.7	1579784000.48	5461.77635598
COFLOWID9	5	27	1022	1579778538.7	1579784000.48	5461.77636194
COFLOWID9	5	35	1022	1579778538.7	1579784000.48	5461.77637005
COFLOWID9	5	36	1022	1579778538.7	1579784000.48	5461.77700806
COFLOWID9	5	43	1022	1579778538.7	1579784000.48	5461.77701712
COFLOWID9	5	47	1022	1579778538.7	1579784000.5	5461.79650307
COFLOWID9	5	50	1022	1579778538.7	1579784000.5	5461.79651713
COFLOWID9	5	51	1022	1579778538.7	1579784000.5	5461.79652309
COFLOWID9	5	53	1022	1579778538.7	1579784000.5	5461.79653096
COFLOWID9	5	54	1022	1579778538.7	1579784000.5	5461.79653811
COFLOWID9	5	57	1022	1579778538.7	1579784000.5	5461.79654503
COFLOWID9	5	59	1022	1579778538.7	1579784000.5	5461.79655313
COFLOWID9	5	60	1022	1579778538.7	1579784000.5	5461.7965591
COFLOWID9	5	67	1022	1579778538.7	1579784000.5	5461.79656601
COFLOWID9	5	71	1022	1579778538.7	1579784000.5	5461.79657412
COFLOWID9	5	75	1022	1579778538.7	1579784000.5	5461.79658103
COFLOWID9	5	77	1022	1579778538.7	1579784000.5	5461.79658699
COFLOWID9	5	82	1022	1579778538.7	1579784000.5	5461.79659414
COFLOWID9	5	87	1022	1579778538.7	1579784000.5	5461.79661703
COFLOWID9	5	101	1022	1579778538.7	1579784000.5	5461.79662395
COFLOWID9	5	102	1022	1579778538.7	1579784000.5	5461.79663205
COFLOWID9	5	113	1022	1579778538.7	1579784000.5	5461.79663801
COFLOWID9	5	123	1022	1579778538.7	1579784000.5	5461.79664612
COFLOWID9	5	124	1022	1579778538.7	1579784000.5	5461.79665208
COFLOWID9	5	125	1022	1579778538.7	1579784000.5	5461.79665899
COFLOWID9	5	132	1022	1579778538.7	1579784000.5	5461.79666495
COFLOWID9	5	133	1022	1579778538.7	1579784000.5	5461.79667115
COFLOWID9	5	141	1022	1579778538.7	1579784000.5	5461.79667711
COFLOWID9	5	142	1022	1579778538.7	1579784000.5	5461.79668403
COFLOWID9	5	144	1022	1579778538.7	1579784000.5	5461.79669094
COFLOWID9	5	145	1022	1579778538.7	1579784000.5	5461.79684114
COFLOWID9	5	146	1022	1579778538.7	1579784000.5	5461.79684711
COFLOWID9	5	149	1022	1579778538.7	1579784000.5	5461.79685116
COFLOWID9	13	0	1022	1579778608.71	1579784405.78	5797.07195902
COFLOWID9	13	1	1022	1579778608.71	1579784405.78	5797.07199192
COFLOWID9	13	3	1022	1579778608.71	1579784405.78	5797.07199883
COFLOWID9	13	7	1022	1579778608.71	1579784405.78	5797.07200289
COFLOWID9	13	10	1022	1579778608.71	1579784405.78	5797.07205486
COFLOWID9	13	11	1022	1579778608.71	1579784405.78	5797.07206082
COFLOWID9	13	13	1022	1579778608.71	1579784405.78	5797.07206392
COFLOWID9	13	17	1022	1579778608.71	1579784405.78	5797.07206893
COFLOWID9	13	19	1022	1579778608.71	1579784405.78	5797.07207298
COFLOWID9	13	22	1022	1579778608.71	1579784405.78	5797.07207704
COFLOWID9	13	27	1022	1579778608.71	1579784405.78	5797.0720799
COFLOWID9	13	35	1022	1579778608.71	1579784405.79	5797.08791089
COFLOWID9	13	36	1022	1579778608.71	1579784405.79	5797.087919
COFLOWID9	13	43	1022	1579778608.71	1579784405.79	5797.08792496
COFLOWID9	13	47	1022	1579778608.71	1579784405.79	5797.08792996
COFLOWID9	13	50	1022	1579778608.71	1579784405.79	5797.08793592
COFLOWID9	13	51	1022	1579778608.71	1579784405.79	5797.08794093
COFLOWID9	13	53	1022	1579778608.71	1579784405.79	5797.08798003
COFLOWID9	13	54	1022	1579778608.71	1579784405.79	5797.08798599
COFLOWID9	13	57	1022	1579778608.71	1579784405.79	5797.087991
COFLOWID9	13	59	1022	1579778608.71	1579784405.79	5797.08799696
COFLOWID9	13	60	1022	1579778608.71	1579784405.79	5797.08800197
COFLOWID9	13	67	1022	1579778608.71	1579784405.79	5797.08800697
COFLOWID9	13	71	1022	1579778608.71	1579784405.79	5797.08801293
COFLOWID9	13	75	1022	1579778608.71	1579784405.79	5797.08801794
COFLOWID9	13	77	1022	1579778608.71	1579784405.79	5797.08802295
COFLOWID9	13	82	1022	1579778608.71	1579784405.79	5797.08802795
COFLOWID9	13	87	1022	1579778608.71	1579784405.79	5797.08803296
COFLOWID9	13	101	1022	1579778608.71	1579784405.79	5797.08803797
COFLOWID9	13	102	1022	1579778608.71	1579784405.79	5797.08804297
COFLOWID9	13	113	1022	1579778608.71	1579784405.79	5797.08804798
COFLOWID9	13	123	1022	1579778608.71	1579784405.79	5797.08805299
COFLOWID9	13	124	1022	1579778608.71	1579784405.79	5797.08805799
COFLOWID9	13	125	1022	1579778608.71	1579784405.79	5797.088063
COFLOWID9	13	132	1022	1579778608.71	1579784405.79	5797.08806801
COFLOWID9	13	133	1022	1579778608.71	1579784405.79	5797.08807302
COFLOWID9	13	141	1022	1579778608.71	1579784405.79	5797.08807802
COFLOWID9	13	142	1022	1579778608.71	1579784405.79	5797.08808184
COFLOWID9	13	144	1022	1579778608.71	1579784405.79	5797.08808684
COFLOWID9	13	145	1022	1579778608.71	1579784405.79	5797.08809185
COFLOWID9	13	146	1022	1579778608.71	1579784405.79	5797.08809686
COFLOWID9	13	149	1022	1579778608.71	1579784405.79	5797.08810091
COFLOWID9	37	0	1022	1579778608.71	1579784449.43	5840.72394419
COFLOWID9	37	1	1022	1579778608.71	1579784449.43	5840.72396708
COFLOWID9	37	3	1022	1579778608.71	1579784449.43	5840.72397709
COFLOWID9	37	7	1022	1579778608.71	1579784449.43	5840.7239852
COFLOWID9	37	10	1022	1579778608.71	1579784449.43	5840.7239902
COFLOWID9	37	11	1022	1579778608.71	1579784449.43	5840.72401118
COFLOWID9	37	13	1022	1579778608.71	1579784449.43	5840.72402501
COFLOWID9	37	17	1022	1579778608.71	1579784449.43	5840.72403312
COFLOWID9	37	19	1022	1579778608.71	1579784449.43	5840.72404122
COFLOWID9	37	22	1022	1579778608.71	1579784449.43	5840.72404814
COFLOWID9	37	27	1022	1579778608.71	1579784449.43	5840.7240541
COFLOWID9	37	35	1022	1579778608.71	1579784449.43	5840.7240622
COFLOWID9	37	36	1022	1579778608.71	1579784449.44	5840.73340321
COFLOWID9	37	43	1022	1579778608.71	1579784449.44	5840.73342514
COFLOWID9	37	47	1022	1579778608.71	1579784449.44	5840.7334342
COFLOWID9	37	50	1022	1579778608.71	1579784449.44	5840.73344707
COFLOWID9	37	51	1022	1579778608.71	1579784449.44	5840.73345304
COFLOWID9	37	53	1022	1579778608.71	1579784449.44	5840.73497605
COFLOWID9	37	54	1022	1579778608.71	1579784449.44	5840.73498607
COFLOWID9	37	57	1022	1579778608.71	1579784449.44	5840.73499417
COFLOWID9	37	59	1022	1579778608.71	1579784449.44	5840.73505712
COFLOWID9	37	60	1022	1579778608.71	1579784449.44	5840.73506618
COFLOWID9	37	67	1022	1579778608.71	1579784449.44	5840.73507214
COFLOWID9	37	71	1022	1579778608.71	1579784449.44	5840.73508215
COFLOWID9	37	75	1022	1579778608.71	1579784449.44	5840.73517513
COFLOWID9	37	77	1022	1579778608.71	1579784449.44	5840.73518419
COFLOWID9	37	82	1022	1579778608.71	1579784449.44	5840.73519015
COFLOWID9	37	87	1022	1579778608.71	1579784449.44	5840.73519707
COFLOWID9	37	101	1022	1579778608.71	1579784449.44	5840.73520422
COFLOWID9	37	102	1022	1579778608.71	1579784449.44	5840.73521113
COFLOWID9	37	113	1022	1579778608.71	1579784449.44	5840.73521805
COFLOWID9	37	123	1022	1579778608.71	1579784449.44	5840.7352252
COFLOWID9	37	124	1022	1579778608.71	1579784449.44	5840.73524809
COFLOWID9	37	125	1022	1579778608.71	1579784449.44	5840.73525715
COFLOWID9	37	132	1022	1579778608.71	1579784449.44	5840.73526311
COFLOWID9	37	133	1022	1579778608.71	1579784449.44	5840.73527002
COFLOWID9	37	141	1022	1579778608.71	1579784449.44	5840.73538709
COFLOWID9	37	142	1022	1579778608.71	1579784449.44	5840.73539615
COFLOWID9	37	144	1022	1579778608.71	1579784449.44	5840.73540211
COFLOWID9	37	145	1022	1579778608.71	1579784449.44	5840.73541021
COFLOWID9	37	146	1022	1579778608.71	1579784449.44	5840.73559618
COFLOWID9	37	149	1022	1579778608.71	1579784449.44	5840.73560715
COFLOWID9	53	0	1022	1579778810.63	1579784788.31	5977.6759851
COFLOWID9	53	1	1022	1579778810.63	1579784788.31	5977.6760149
COFLOWID9	53	3	1022	1579778810.63	1579784788.31	5977.67602611
COFLOWID9	53	7	1022	1579778810.63	1579784788.31	5977.67690396
COFLOWID9	53	10	1022	1579778810.63	1579784788.31	5977.67692995
COFLOWID9	53	11	1022	1579778810.63	1579784788.31	5977.6769371
COFLOWID9	53	13	1022	1579778810.63	1579784788.31	5977.67694402
COFLOWID9	53	17	1022	1579778810.63	1579784788.31	5977.67694998
COFLOWID9	53	19	1022	1579778810.63	1579784788.31	5977.67743611
COFLOWID9	53	22	1022	1579778810.63	1579784788.31	5977.6774509
COFLOWID9	53	27	1022	1579778810.63	1579784788.31	5977.67745996
COFLOWID9	53	35	1022	1579778810.63	1579784788.31	5977.67746711
COFLOWID9	53	36	1022	1579778810.63	1579784788.31	5977.67747498
COFLOWID9	53	43	1022	1579778810.63	1579784788.31	5977.67748094
COFLOWID9	53	47	1022	1579778810.63	1579784788.31	5977.67748904
COFLOWID9	53	50	1022	1579778810.63	1579784788.31	5977.677495
COFLOWID9	53	51	1022	1579778810.63	1579784788.31	5977.67750311
COFLOWID9	53	53	1022	1579778810.63	1579784788.31	5977.67750907
COFLOWID9	53	54	1022	1579778810.63	1579784788.31	5977.67751598
COFLOWID9	53	57	1022	1579778810.63	1579784788.31	5977.6775229
COFLOWID9	53	59	1022	1579778810.63	1579784788.31	5977.6775291
COFLOWID9	53	60	1022	1579778810.63	1579784788.31	5977.6775341
COFLOWID9	53	67	1022	1579778810.63	1579784788.31	5977.67754102
COFLOWID9	53	71	1022	1579778810.63	1579784788.31	5977.67755198
COFLOWID9	53	75	1022	1579778810.63	1579784788.31	5977.67755795
COFLOWID9	53	77	1022	1579778810.63	1579784788.31	5977.67756391
COFLOWID9	53	82	1022	1579778810.63	1579784788.31	5977.67757106
COFLOWID9	53	87	1022	1579778810.63	1579784788.31	5977.67757797
COFLOWID9	53	101	1022	1579778810.63	1579784788.31	5977.67758393
COFLOWID9	53	102	1022	1579778810.63	1579784788.31	5977.67758989
COFLOWID9	53	113	1022	1579778810.63	1579784788.33	5977.69693995
COFLOWID9	53	123	1022	1579778810.63	1579784788.33	5977.69694901
COFLOWID9	53	124	1022	1579778810.63	1579784788.33	5977.69695592
COFLOWID9	53	125	1022	1579778810.63	1579784788.33	5977.69697809
COFLOWID9	53	132	1022	1579778810.63	1579784788.33	5977.69712806
COFLOWID9	53	133	1022	1579778810.63	1579784788.33	5977.69713306
COFLOWID9	53	141	1022	1579778810.63	1579784788.33	5977.69713688
COFLOWID9	53	142	1022	1579778810.63	1579784788.33	5977.69714093
COFLOWID9	53	144	1022	1579778810.63	1579784788.33	5977.69714499
COFLOWID9	53	145	1022	1579778810.63	1579784788.33	5977.69714904
COFLOWID9	53	146	1022	1579778810.63	1579784788.33	5977.69715309
COFLOWID9	53	149	1022	1579778810.63	1579784788.33	5977.69715691
COFLOWID9	77	0	1022	1579778810.63	1579784831.06	6020.43197107
COFLOWID9	77	1	1022	1579778810.63	1579784831.06	6020.432024
COFLOWID9	77	3	1022	1579778810.63	1579784831.06	6020.43203807
COFLOWID9	77	7	1022	1579778810.63	1579784831.06	6020.43204689
COFLOWID9	77	10	1022	1579778810.63	1579784831.06	6020.432055
COFLOWID9	77	11	1022	1579778810.63	1579784831.06	6020.43206191
COFLOWID9	77	13	1022	1579778810.63	1579784831.06	6020.43207097
COFLOWID9	77	17	1022	1579778810.63	1579784831.06	6020.43207693
COFLOWID9	77	19	1022	1579778810.63	1579784831.06	6020.43208504
COFLOWID9	77	22	1022	1579778810.63	1579784831.06	6020.43209195
COFLOWID9	77	27	1022	1579778810.63	1579784831.06	6020.43210006
COFLOWID9	77	35	1022	1579778810.63	1579784831.06	6020.43210602
COFLOWID9	77	36	1022	1579778810.63	1579784831.06	6020.43211389
COFLOWID9	77	43	1022	1579778810.63	1579784831.06	6020.43212104
COFLOWID9	77	47	1022	1579778810.63	1579784831.06	6020.43212891
COFLOWID9	77	50	1022	1579778810.63	1579784831.06	6020.43213606
COFLOWID9	77	51	1022	1579778810.63	1579784831.06	6020.43214297
COFLOWID9	77	53	1022	1579778810.63	1579784831.06	6020.4330771
COFLOWID9	77	54	1022	1579778810.63	1579784831.06	6020.43308592
COFLOWID9	77	57	1022	1579778810.63	1579784831.06	6020.43309307
COFLOWID9	77	59	1022	1579778810.63	1579784831.06	6020.43309903
COFLOWID9	77	60	1022	1579778810.63	1579784831.07	6020.43994594
COFLOWID9	77	67	1022	1579778810.63	1579784831.07	6020.43995905
COFLOWID9	77	71	1022	1579778810.63	1579784831.07	6020.43996787
COFLOWID9	77	75	1022	1579778810.63	1579784831.07	6020.43997598
COFLOWID9	77	77	1022	1579778810.63	1579784831.07	6020.43998408
COFLOWID9	77	82	1022	1579778810.63	1579784831.08	6020.45276594
COFLOWID9	77	87	1022	1579778810.63	1579784831.08	6020.45277691
COFLOWID9	77	101	1022	1579778810.63	1579784831.08	6020.45279694
COFLOWID9	77	102	1022	1579778810.63	1579784831.08	6020.45280099
COFLOWID9	77	113	1022	1579778810.63	1579784831.08	6020.45294499
COFLOWID9	77	123	1022	1579778810.63	1579784831.08	6020.45294809
COFLOWID9	77	124	1022	1579778810.63	1579784831.08	6020.45295
COFLOWID9	77	125	1022	1579778810.63	1579784831.08	6020.4529531
COFLOWID9	77	132	1022	1579778810.63	1579784831.08	6020.45295501
COFLOWID9	77	133	1022	1579778810.63	1579784831.08	6020.45295811
COFLOWID9	77	141	1022	1579778810.63	1579784831.08	6020.45296097
COFLOWID9	77	142	1022	1579778810.63	1579784831.08	6020.45296288
COFLOWID9	77	144	1022	1579778810.63	1579784831.08	6020.45296502
COFLOWID9	77	145	1022	1579778810.63	1579784831.08	6020.45296788
COFLOWID9	77	146	1022	1579778810.63	1579784831.08	6020.45372796
COFLOWID9	77	149	1022	1579778810.63	1579784831.08	6020.45373297
COFLOWID9	93	0	1022	1579778810.63	1579784874.27	6063.63997507
COFLOWID9	93	1	1022	1579778810.63	1579784874.27	6063.64000416
COFLOWID9	93	3	1022	1579778810.63	1579784874.27	6063.64001298
COFLOWID9	93	7	1022	1579778810.63	1579784874.27	6063.64002109
COFLOWID9	93	10	1022	1579778810.63	1579784874.27	6063.64002919
COFLOWID9	93	11	1022	1579778810.63	1579784874.27	6063.64003706
COFLOWID9	93	13	1022	1579778810.63	1579784874.27	6063.64004397
COFLOWID9	93	17	1022	1579778810.63	1579784874.27	6063.64005208
COFLOWID9	93	19	1022	1579778810.63	1579784874.27	6063.64005899
COFLOWID9	93	22	1022	1579778810.63	1579784874.27	6063.6400671
COFLOWID9	93	27	1022	1579778810.63	1579784874.27	6063.64007306
COFLOWID9	93	35	1022	1579778810.63	1579784874.27	6063.64008117
COFLOWID9	93	36	1022	1579778810.63	1579784874.27	6063.64008713
COFLOWID9	93	43	1022	1579778810.63	1579784874.27	6063.6409471
COFLOWID9	93	47	1022	1579778810.63	1579784874.27	6063.64095616
COFLOWID9	93	50	1022	1579778810.63	1579784874.27	6063.64096212
COFLOWID9	93	51	1022	1579778810.63	1579784874.27	6063.64096999
COFLOWID9	93	53	1022	1579778810.63	1579784874.27	6063.64099312
COFLOWID9	93	54	1022	1579778810.63	1579784874.27	6063.64099908
COFLOWID9	93	57	1022	1579778810.63	1579784874.27	6063.64100718
COFLOWID9	93	59	1022	1579778810.63	1579784874.27	6063.64101315
COFLOWID9	93	60	1022	1579778810.63	1579784874.27	6063.64102006
COFLOWID9	93	67	1022	1579778810.63	1579784874.27	6063.64102912
COFLOWID9	93	71	1022	1579778810.63	1579784874.27	6063.64103818
COFLOWID9	93	75	1022	1579778810.63	1579784874.27	6063.64104605
COFLOWID9	93	77	1022	1579778810.63	1579784874.27	6063.64106107
COFLOWID9	93	82	1022	1579778810.63	1579784874.27	6063.64106703
COFLOWID9	93	87	1022	1579778810.63	1579784874.27	6063.64107418
COFLOWID9	93	101	1022	1579778810.63	1579784874.27	6063.64108109
COFLOWID9	93	102	1022	1579778810.63	1579784874.27	6063.64108801
COFLOWID9	93	113	1022	1579778810.63	1579784874.27	6063.64109302
COFLOWID9	93	123	1022	1579778810.63	1579784874.27	6063.64110112
COFLOWID9	93	124	1022	1579778810.63	1579784874.27	6063.64164615
COFLOWID9	93	125	1022	1579778810.63	1579784874.27	6063.64165115
COFLOWID9	93	132	1022	1579778810.63	1579784874.27	6063.64165616
COFLOWID9	93	133	1022	1579778810.63	1579784874.27	6063.64166117
COFLOWID9	93	141	1022	1579778810.63	1579784874.27	6063.64166617
COFLOWID9	93	142	1022	1579778810.63	1579784874.27	6063.64167118
COFLOWID9	93	144	1022	1579778810.63	1579784874.27	6063.64167404
COFLOWID9	93	145	1022	1579778810.63	1579784874.29	6063.66005611
COFLOWID9	93	146	1022	1579778810.63	1579784874.29	6063.66006708
COFLOWID9	93	149	1022	1579778810.63	1579784874.29	6063.66007113
COFLOWID9	101	0	1022	1579778810.63	1579784917.88	6107.24799204
COFLOWID9	101	1	1022	1579778810.63	1579784917.88	6107.24801588
COFLOWID9	101	3	1022	1579778810.63	1579784917.88	6107.24866295
COFLOWID9	101	7	1022	1579778810.63	1579784917.88	6107.24867487
COFLOWID9	101	10	1022	1579778810.63	1579784917.88	6107.24868107
COFLOWID9	101	11	1022	1579778810.63	1579784917.88	6107.24868608
COFLOWID9	101	13	1022	1579778810.63	1579784917.88	6107.24869204
COFLOWID9	101	17	1022	1579778810.63	1579784917.88	6107.24870992
COFLOWID9	101	19	1022	1579778810.63	1579784917.88	6107.24906301
COFLOWID9	101	22	1022	1579778810.63	1579784917.88	6107.25191092
COFLOWID9	101	27	1022	1579778810.63	1579784917.88	6107.25192189
COFLOWID9	101	35	1022	1579778810.63	1579784917.88	6107.2519269
COFLOWID9	101	36	1022	1579778810.63	1579784917.88	6107.25193095
COFLOWID9	101	43	1022	1579778810.63	1579784917.88	6107.25193501
COFLOWID9	101	47	1022	1579778810.63	1579784917.88	6107.25194001
COFLOWID9	101	50	1022	1579778810.63	1579784917.89	6107.26140094
COFLOWID9	101	51	1022	1579778810.63	1579784917.89	6107.26141286
COFLOWID9	101	53	1022	1579778810.63	1579784917.89	6107.26141906
COFLOWID9	101	54	1022	1579778810.63	1579784917.89	6107.26142406
COFLOWID9	101	57	1022	1579778810.63	1579784917.89	6107.26143003
COFLOWID9	101	59	1022	1579778810.63	1579784917.89	6107.26143694
COFLOWID9	101	60	1022	1579778810.63	1579784917.89	6107.26144195
COFLOWID9	101	67	1022	1579778810.63	1579784917.89	6107.26144695
COFLOWID9	101	71	1022	1579778810.63	1579784917.89	6107.26145387
COFLOWID9	101	75	1022	1579778810.63	1579784917.89	6107.26146007
COFLOWID9	101	77	1022	1579778810.63	1579784917.89	6107.26146507
COFLOWID9	101	82	1022	1579778810.63	1579784917.89	6107.26147103
COFLOWID9	101	87	1022	1579778810.63	1579784917.89	6107.26147604
COFLOWID9	101	101	1022	1579778810.63	1579784917.89	6107.26148295
COFLOWID9	101	102	1022	1579778810.63	1579784917.89	6107.26149893
COFLOWID9	101	113	1022	1579778810.63	1579784917.89	6107.26150608
COFLOWID9	101	123	1022	1579778810.63	1579784917.89	6107.26151299
COFLOWID9	101	124	1022	1579778810.63	1579784917.89	6107.261518
COFLOWID9	101	125	1022	1579778810.63	1579784917.89	6107.26152301
COFLOWID9	101	132	1022	1579778810.63	1579784917.89	6107.26152897
COFLOWID9	101	133	1022	1579778810.63	1579784917.89	6107.26153493
COFLOWID9	101	141	1022	1579778810.63	1579784917.89	6107.26153994
COFLOWID9	101	142	1022	1579778810.63	1579784917.89	6107.2615459
COFLOWID9	101	144	1022	1579778810.63	1579784917.89	6107.2615509
COFLOWID9	101	145	1022	1579778810.63	1579784917.89	6107.26155686
COFLOWID9	101	146	1022	1579778810.63	1579784917.89	6107.26156187
COFLOWID9	101	149	1022	1579778810.63	1579784917.89	6107.26166606
COFLOWID9	109	0	1022	1579778810.63	1579784961.6	6150.96796322
COFLOWID9	109	1	1022	1579778810.63	1579784961.6	6150.96799421
COFLOWID9	109	3	1022	1579778810.63	1579784961.6	6150.96800423
COFLOWID9	109	7	1022	1579778810.63	1579784961.6	6150.96801114
COFLOWID9	109	10	1022	1579778810.63	1579784961.6	6150.96801805
COFLOWID9	109	11	1022	1579778810.63	1579784961.6	6150.96879506
COFLOWID9	109	13	1022	1579778810.63	1579784961.6	6150.96890211
COFLOWID9	109	17	1022	1579778810.63	1579784961.6	6150.96891022
COFLOWID9	109	19	1022	1579778810.63	1579784961.6	6150.96891522
COFLOWID9	109	22	1022	1579778810.63	1579784961.6	6150.96892118
COFLOWID9	109	27	1022	1579778810.63	1579784961.6	6150.9689281
COFLOWID9	109	35	1022	1579778810.63	1579784961.6	6150.96893406
COFLOWID9	109	36	1022	1579778810.63	1579784961.6	6150.96894002
COFLOWID9	109	43	1022	1579778810.63	1579784961.6	6150.96894503
COFLOWID9	109	47	1022	1579778810.63	1579784961.6	6150.96895218
COFLOWID9	109	50	1022	1579778810.63	1579784961.6	6150.96895719
COFLOWID9	109	51	1022	1579778810.63	1579784961.6	6150.9689641
COFLOWID9	109	53	1022	1579778810.63	1579784961.6	6150.96896911
COFLOWID9	109	54	1022	1579778810.63	1579784961.6	6150.96897602
COFLOWID9	109	57	1022	1579778810.63	1579784961.6	6150.96946502
COFLOWID9	109	59	1022	1579778810.63	1579784961.6	6150.96947217
COFLOWID9	109	60	1022	1579778810.63	1579784961.62	6150.98633909
COFLOWID9	109	67	1022	1579778810.63	1579784961.62	6150.98636508
COFLOWID9	109	71	1022	1579778810.63	1579784961.62	6150.98637414
COFLOWID9	109	75	1022	1579778810.63	1579784961.62	6150.98651314
COFLOWID9	109	77	1022	1579778810.63	1579784961.62	6150.98651814
COFLOWID9	109	82	1022	1579778810.63	1579784961.62	6150.9865222
COFLOWID9	109	87	1022	1579778810.63	1579784961.62	6150.98652601
COFLOWID9	109	101	1022	1579778810.63	1579784961.62	6150.98653007
COFLOWID9	109	102	1022	1579778810.63	1579784961.62	6150.98653412
COFLOWID9	109	113	1022	1579778810.63	1579784961.62	6150.98653722
COFLOWID9	109	123	1022	1579778810.63	1579784961.62	6150.98654103
COFLOWID9	109	124	1022	1579778810.63	1579784961.62	6150.98654723
COFLOWID9	109	125	1022	1579778810.63	1579784961.62	6150.98715711
COFLOWID9	109	132	1022	1579778810.63	1579784961.62	6150.98716402
COFLOWID9	109	133	1022	1579778810.63	1579784961.62	6150.98717022
COFLOWID9	109	141	1022	1579778810.63	1579784961.62	6150.98731303
COFLOWID9	109	142	1022	1579778810.63	1579784961.62	6150.98731804
COFLOWID9	109	144	1022	1579778810.63	1579784961.62	6150.98732209
COFLOWID9	109	145	1022	1579778810.63	1579784961.62	6150.98732615
COFLOWID9	109	146	1022	1579778810.63	1579784961.62	6150.9873302
COFLOWID9	109	149	1022	1579778810.63	1579784961.62	6150.98733401
COFLOWID9	125	0	1022	1579778810.63	1579785005.01	6194.37994599
COFLOWID9	125	1	1022	1579778810.63	1579785005.01	6194.3799808
COFLOWID9	125	3	1022	1579778810.63	1579785005.01	6194.37998986
COFLOWID9	125	7	1022	1579778810.63	1579785005.01	6194.37999701
COFLOWID9	125	10	1022	1579778810.63	1579785005.01	6194.38000584
COFLOWID9	125	11	1022	1579778810.63	1579785005.01	6194.38001299
COFLOWID9	125	13	1022	1579778810.63	1579785005.01	6194.38002086
COFLOWID9	125	17	1022	1579778810.63	1579785005.01	6194.38002682
COFLOWID9	125	19	1022	1579778810.63	1579785005.01	6194.38003492
COFLOWID9	125	22	1022	1579778810.63	1579785005.03	6194.39935088
COFLOWID9	125	27	1022	1579778810.63	1579785005.03	6194.3993628
COFLOWID9	125	35	1022	1579778810.63	1579785005.03	6194.39936996
COFLOWID9	125	36	1022	1579778810.63	1579785005.03	6194.39938998
COFLOWID9	125	43	1022	1579778810.63	1579785005.03	6194.39939594
COFLOWID9	125	47	1022	1579778810.63	1579785005.03	6194.3994019
COFLOWID9	125	50	1022	1579778810.63	1579785005.03	6194.39940691
COFLOWID9	125	51	1022	1579778810.63	1579785005.03	6194.39941287
COFLOWID9	125	53	1022	1579778810.63	1579785005.03	6194.39941692
COFLOWID9	125	54	1022	1579778810.63	1579785005.03	6194.39942288
COFLOWID9	125	57	1022	1579778810.63	1579785005.03	6194.39942694
COFLOWID9	125	59	1022	1579778810.63	1579785005.03	6194.39957094
COFLOWID9	125	60	1022	1579778810.63	1579785005.03	6194.399575
COFLOWID9	125	67	1022	1579778810.63	1579785005.03	6194.39957881
COFLOWID9	125	71	1022	1579778810.63	1579785005.03	6194.39958191
COFLOWID9	125	75	1022	1579778810.63	1579785005.03	6194.39958596
COFLOWID9	125	77	1022	1579778810.63	1579785005.03	6194.39958787
COFLOWID9	125	82	1022	1579778810.63	1579785005.03	6194.39959097
COFLOWID9	125	87	1022	1579778810.63	1579785005.03	6194.39959502
COFLOWID9	125	101	1022	1579778810.63	1579785005.03	6194.39959788
COFLOWID9	125	102	1022	1579778810.63	1579785005.03	6194.39960003
COFLOWID9	125	113	1022	1579778810.63	1579785005.03	6194.39960289
COFLOWID9	125	123	1022	1579778810.63	1579785005.03	6194.39960885
COFLOWID9	125	124	1022	1579778810.63	1579785005.03	6194.3996129
COFLOWID9	125	125	1022	1579778810.63	1579785005.03	6194.399616
COFLOWID9	125	132	1022	1579778810.63	1579785005.03	6194.40028191
COFLOWID9	125	133	1022	1579778810.63	1579785005.03	6194.40028882
COFLOWID9	125	141	1022	1579778810.63	1579785005.03	6194.40029502
COFLOWID9	125	142	1022	1579778810.63	1579785005.03	6194.40030193
COFLOWID9	125	144	1022	1579778810.63	1579785005.03	6194.40030789
COFLOWID9	125	145	1022	1579778810.63	1579785005.03	6194.40031385
COFLOWID9	125	146	1022	1579778810.63	1579785005.03	6194.40033197
COFLOWID9	125	149	1022	1579778810.63	1579785005.03	6194.40046692
COFLOWID9	5	31	2045	1579778538.7	1579786231.33	7692.63134003
COFLOWID9	5	40	2045	1579778538.7	1579786231.35	7692.6472671
COFLOWID9	5	56	2045	1579778538.7	1579786231.36	7692.65899611
COFLOWID9	5	63	2045	1579778538.7	1579786231.36	7692.65900707
COFLOWID9	5	72	2045	1579778538.7	1579786231.36	7692.65903902
COFLOWID9	5	106	2045	1579778538.7	1579786231.36	7692.65904498
COFLOWID9	5	109	2045	1579778538.7	1579786231.36	7692.65904903
COFLOWID9	5	134	2045	1579778538.7	1579786231.36	7692.65905309
COFLOWID9	5	143	2045	1579778538.7	1579786231.36	7692.65905595
COFLOWID9	13	31	2045	1579778608.71	1579786324.22	7715.515975
COFLOWID9	13	40	2045	1579778608.71	1579786324.22	7715.51605988
COFLOWID9	13	56	2045	1579778608.71	1579786324.22	7715.51606989
COFLOWID9	13	63	2045	1579778608.71	1579786324.22	7715.51607394
COFLOWID9	13	72	2045	1579778608.71	1579786324.22	7715.51607895
COFLOWID9	13	106	2045	1579778608.71	1579786324.22	7715.516083
COFLOWID9	13	109	2045	1579778608.71	1579786324.23	7715.52143502
COFLOWID9	13	134	2045	1579778608.71	1579786324.23	7715.52144384
COFLOWID9	13	143	2045	1579778608.71	1579786324.23	7715.52144885
COFLOWID9	37	31	2045	1579778608.71	1579786334.25	7725.54797101
COFLOWID9	37	40	2045	1579778608.71	1579786334.25	7725.54798913
COFLOWID9	37	56	2045	1579778608.71	1579786334.25	7725.54799318
COFLOWID9	37	63	2045	1579778608.71	1579786334.25	7725.54799604
COFLOWID9	37	72	2045	1579778608.71	1579786334.25	7725.54799914
COFLOWID9	37	106	2045	1579778608.71	1579786334.25	7725.5480032
COFLOWID9	37	109	2045	1579778608.71	1579786334.25	7725.54800606
COFLOWID9	37	134	2045	1579778608.71	1579786334.25	7725.54800916
COFLOWID9	37	143	2045	1579778608.71	1579786334.25	7725.54801321
COFLOWID9	53	31	2045	1579778810.63	1579786416.76	7606.13201308
COFLOWID9	53	40	2045	1579778810.63	1579786416.76	7606.13300204
COFLOWID9	53	56	2045	1579778810.63	1579786416.76	7606.1330111
COFLOWID9	53	63	2045	1579778810.63	1579786416.76	7606.13302207
COFLOWID9	53	72	2045	1579778810.63	1579786416.76	7606.13302898
COFLOWID9	53	106	2045	1579778810.63	1579786416.76	7606.13304901
COFLOWID9	53	109	2045	1579778810.63	1579786416.76	7606.13362908
COFLOWID9	53	134	2045	1579778810.63	1579786416.78	7606.15298104
COFLOWID9	53	143	2045	1579778810.63	1579786416.78	7606.15299392
COFLOWID9	77	31	2045	1579778810.63	1579786426.66	7616.03200388
COFLOWID9	77	40	2045	1579778810.63	1579786426.67	7616.03713393
COFLOWID9	77	56	2045	1579778810.63	1579786426.67	7616.03714705
COFLOWID9	77	63	2045	1579778810.63	1579786426.67	7616.03715301
COFLOWID9	77	72	2045	1579778810.63	1579786426.67	7616.03715801
COFLOWID9	77	106	2045	1579778810.63	1579786426.67	7616.03718305
COFLOWID9	77	109	2045	1579778810.63	1579786426.67	7616.03718901
COFLOWID9	77	134	2045	1579778810.63	1579786426.67	7616.03719401
COFLOWID9	77	143	2045	1579778810.63	1579786426.67	7616.03720093
COFLOWID9	93	31	2045	1579778810.63	1579786436.9	7626.26796412
COFLOWID9	93	40	2045	1579778810.63	1579786436.9	7626.26800418
COFLOWID9	93	56	2045	1579778810.63	1579786436.9	7626.268013
COFLOWID9	93	63	2045	1579778810.63	1579786436.9	7626.26801896
COFLOWID9	93	72	2045	1579778810.63	1579786436.9	7626.26802516
COFLOWID9	93	106	2045	1579778810.63	1579786436.9	7626.26803112
COFLOWID9	93	109	2045	1579778810.63	1579786436.9	7626.26803803
COFLOWID9	93	134	2045	1579778810.63	1579786436.9	7626.26804399
COFLOWID9	93	143	2045	1579778810.63	1579786436.9	7626.26896811
COFLOWID9	101	31	2045	1579778810.63	1579786447.18	7636.55199289
COFLOWID9	101	40	2045	1579778810.63	1579786447.18	7636.55201507
COFLOWID9	101	56	2045	1579778810.63	1579786447.18	7636.55202007
COFLOWID9	101	63	2045	1579778810.63	1579786447.18	7636.55202293
COFLOWID9	101	72	2045	1579778810.63	1579786447.18	7636.55202603
COFLOWID9	101	106	2045	1579778810.63	1579786447.18	7636.55202889
COFLOWID9	101	109	2045	1579778810.63	1579786447.18	7636.55203199
COFLOWID9	101	134	2045	1579778810.63	1579786447.18	7636.55203509
COFLOWID9	101	143	2045	1579778810.63	1579786447.18	7636.55203795
COFLOWID9	109	31	2045	1579778810.63	1579786457.46	7646.83198905
COFLOWID9	109	40	2045	1579778810.63	1579786457.46	7646.83200908
COFLOWID9	109	56	2045	1579778810.63	1579786457.46	7646.83201504
COFLOWID9	109	63	2045	1579778810.63	1579786457.46	7646.832021
COFLOWID9	109	72	2045	1579778810.63	1579786457.46	7646.832026
COFLOWID9	109	106	2045	1579778810.63	1579786457.46	7646.83203316
COFLOWID9	109	109	2045	1579778810.63	1579786457.46	7646.8327601
COFLOWID9	109	134	2045	1579778810.63	1579786457.46	7646.83277106
COFLOWID9	109	143	2045	1579778810.63	1579786457.46	7646.83277607
COFLOWID9	125	31	2045	1579778810.63	1579786467.96	7657.32796288
COFLOWID9	125	40	2045	1579778810.63	1579786467.96	7657.327981
COFLOWID9	125	56	2045	1579778810.63	1579786467.96	7657.32798481
COFLOWID9	125	63	2045	1579778810.63	1579786467.96	7657.32798886
COFLOWID9	125	72	2045	1579778810.63	1579786467.96	7657.32799196
COFLOWID9	125	106	2045	1579778810.63	1579786467.96	7657.32799482
COFLOWID9	125	109	2045	1579778810.63	1579786467.96	7657.32799792
COFLOWID9	125	134	2045	1579778810.63	1579786467.96	7657.32800198
COFLOWID9	125	143	2045	1579778810.63	1579786467.96	7657.32801795
COFLOWID9	5	4	3068	1579778538.7	1579786877.55	8338.84332705
COFLOWID9	5	32	3068	1579778538.7	1579786877.55	8338.84434605
COFLOWID9	5	65	3068	1579778538.7	1579786877.55	8338.84435701
COFLOWID9	5	92	3068	1579778538.7	1579786877.55	8338.84436107
COFLOWID9	13	4	3068	1579778608.71	1579786909.11	8300.40794301
COFLOWID9	13	32	3068	1579778608.71	1579786909.11	8300.40797687
COFLOWID9	13	65	3068	1579778608.71	1579786909.11	8300.40798593
COFLOWID9	13	92	3068	1579778608.71	1579786909.11	8300.40799189
COFLOWID9	37	4	3068	1579778608.71	1579786912.47	8303.75996518
COFLOWID9	37	32	3068	1579778608.71	1579786912.47	8303.75998521
COFLOWID9	37	65	3068	1579778608.71	1579786912.47	8303.75998902
COFLOWID9	37	92	3068	1579778608.71	1579786912.47	8303.75999212
COFLOWID9	53	4	3068	1579778810.63	1579786938.12	8127.49200892
COFLOWID9	53	32	3068	1579778810.63	1579786938.12	8127.49203706
COFLOWID9	53	65	3068	1579778810.63	1579786938.12	8127.49204397
COFLOWID9	53	92	3068	1579778810.63	1579786938.12	8127.49204803
COFLOWID9	77	4	3068	1579778810.63	1579786941.52	8130.88797402
COFLOWID9	77	32	3068	1579778810.63	1579786941.52	8130.887995
COFLOWID9	77	65	3068	1579778810.63	1579786941.52	8130.88800192
COFLOWID9	77	92	3068	1579778810.63	1579786941.52	8130.88800693
COFLOWID9	93	4	3068	1579778810.63	1579786944.87	8134.24399614
COFLOWID9	93	32	3068	1579778810.63	1579786944.87	8134.24401402
COFLOWID9	93	65	3068	1579778810.63	1579786944.87	8134.24401903
COFLOWID9	93	92	3068	1579778810.63	1579786944.87	8134.24402308
COFLOWID9	101	4	3068	1579778810.63	1579786948.3	8137.667974
COFLOWID9	101	32	3068	1579778810.63	1579786948.3	8137.66800404
COFLOWID9	101	65	3068	1579778810.63	1579786948.3	8137.66801095
COFLOWID9	101	92	3068	1579778810.63	1579786948.3	8137.66801691
COFLOWID9	109	4	3068	1579778810.63	1579786951.73	8141.1039691
COFLOWID9	109	32	3068	1579778810.63	1579786951.73	8141.10398412
COFLOWID9	109	65	3068	1579778810.63	1579786951.73	8141.10398912
COFLOWID9	109	92	3068	1579778810.63	1579786951.73	8141.10399222
COFLOWID9	125	4	3068	1579778810.63	1579786955.04	8144.41200185
COFLOWID9	125	32	3068	1579778810.63	1579786955.04	8144.41201997
COFLOWID9	125	65	3068	1579778810.63	1579786955.04	8144.41202402
COFLOWID9	125	92	3068	1579778810.63	1579786955.04	8144.41202688
COFLOWID9	5	16	7160	1579778538.7	1579787325.39	8786.69133115
COFLOWID9	13	16	7160	1579778608.71	1579787331.39	8722.68794489
COFLOWID9	37	16	7160	1579778608.71	1579787332.03	8723.32395506
COFLOWID9	53	16	7160	1579778810.63	1579787336.9	8526.26801991
COFLOWID9	77	16	7160	1579778810.63	1579787337.51	8526.8800199
COFLOWID9	93	16	7160	1579778810.63	1579787338.17	8527.54400206
COFLOWID9	101	16	7160	1579778810.63	1579787338.81	8528.18399096
COFLOWID9	109	16	7160	1579778810.63	1579787339.47	8528.84400606
COFLOWID9	125	16	7160	1579778810.63	1579787340.08	8529.45195794
COFLOWID4	13	3	12275	1579778483.7	1579806817.44	28333.736752
COFLOWID4	13	6	12275	1579778483.7	1579806817.44	28333.7367709
COFLOWID4	13	9	12275	1579778483.7	1579806817.44	28333.7367759
COFLOWID4	13	19	12275	1579778483.7	1579806817.44	28333.736779
COFLOWID4	13	24	12275	1579778483.7	1579806817.44	28333.736783
COFLOWID4	13	26	12275	1579778483.7	1579806817.44	28333.7367859
COFLOWID4	13	32	12275	1579778483.7	1579806817.44	28333.7367909
COFLOWID4	13	35	12275	1579778483.7	1579806817.44	28333.736794
COFLOWID4	13	44	12275	1579778483.7	1579806817.44	28333.7368178
COFLOWID4	13	47	12275	1579778483.7	1579806817.44	28333.7368219
COFLOWID4	13	59	12275	1579778483.7	1579806817.44	28333.736825
COFLOWID4	13	62	12275	1579778483.7	1579806817.44	28333.7368279
COFLOWID4	13	66	12275	1579778483.7	1579806817.44	28333.7368319
COFLOWID4	13	71	12275	1579778483.7	1579806817.44	28333.736835
COFLOWID4	13	78	12275	1579778483.7	1579806817.44	28333.7368379
COFLOWID4	13	90	12275	1579778483.7	1579806817.44	28333.7368419
COFLOWID4	13	91	12275	1579778483.7	1579806817.44	28333.736845
COFLOWID4	13	100	12275	1579778483.7	1579806817.44	28333.7368488
COFLOWID4	13	102	12275	1579778483.7	1579806817.44	28333.7368529
COFLOWID4	13	103	12275	1579778483.7	1579806817.44	28333.736856
COFLOWID4	13	105	12275	1579778483.7	1579806817.44	28333.7368588
COFLOWID4	13	120	12275	1579778483.7	1579806817.44	28333.7368629
COFLOWID4	13	123	12275	1579778483.7	1579806817.44	28333.736866
COFLOWID4	13	127	12275	1579778483.7	1579806817.44	28333.7368701
COFLOWID4	13	128	12275	1579778483.7	1579806817.44	28333.7368729
COFLOWID4	13	132	12275	1579778483.7	1579806817.44	28333.736876
COFLOWID4	13	134	12275	1579778483.7	1579806817.44	28333.7368798
COFLOWID4	13	140	12275	1579778483.7	1579806817.44	28333.7368829
COFLOWID4	13	144	12275	1579778483.7	1579806817.44	28333.736886
COFLOWID4	13	146	12275	1579778483.7	1579806817.44	28333.7368889
COFLOWID4	13	147	12275	1579778483.7	1579806817.44	28333.7368929
COFLOWID4	13	148	12275	1579778483.7	1579806817.44	28333.736896
COFLOWID4	69	3	12275	1579778520.51	1579806949.87	28429.364032
COFLOWID4	69	6	12275	1579778520.51	1579806949.87	28429.3640571
COFLOWID4	69	9	12275	1579778520.51	1579806949.87	28429.3640611
COFLOWID4	69	19	12275	1579778520.51	1579806949.87	28429.3640652
COFLOWID4	69	24	12275	1579778520.51	1579806949.87	28429.364068
COFLOWID4	69	26	12275	1579778520.51	1579806949.87	28429.3640721
COFLOWID4	69	32	12275	1579778520.51	1579806949.87	28429.3640752
COFLOWID4	69	35	12275	1579778520.51	1579806949.87	28429.3640792
COFLOWID4	69	44	12275	1579778520.51	1579806949.87	28429.3640821
COFLOWID4	69	47	12275	1579778520.51	1579806949.87	28429.3640862
COFLOWID4	69	59	12275	1579778520.51	1579806949.87	28429.364089
COFLOWID4	69	62	12275	1579778520.51	1579806949.87	28429.3640921
COFLOWID4	69	66	12275	1579778520.51	1579806949.87	28429.3640962
COFLOWID4	69	71	12275	1579778520.51	1579806949.87	28429.364099
COFLOWID4	69	78	12275	1579778520.51	1579806949.87	28429.3641021
COFLOWID4	69	90	12275	1579778520.51	1579806949.87	28429.3641062
COFLOWID4	69	91	12275	1579778520.51	1579806949.87	28429.364109
COFLOWID4	69	100	12275	1579778520.51	1579806949.87	28429.3641131
COFLOWID4	69	102	12275	1579778520.51	1579806949.87	28429.3641162
COFLOWID4	69	103	12275	1579778520.51	1579806949.87	28429.36412
COFLOWID4	69	105	12275	1579778520.51	1579806949.87	28429.3641231
COFLOWID4	69	120	12275	1579778520.51	1579806949.87	28429.3641272
COFLOWID4	69	123	12275	1579778520.51	1579806949.87	28429.36413
COFLOWID4	69	127	12275	1579778520.51	1579806949.87	28429.3641341
COFLOWID4	69	128	12275	1579778520.51	1579806949.87	28429.3641372
COFLOWID4	69	132	12275	1579778520.51	1579806949.87	28429.36414
COFLOWID4	69	134	12275	1579778520.51	1579806949.87	28429.3641441
COFLOWID4	69	140	12275	1579778520.51	1579806949.87	28429.3641472
COFLOWID4	69	144	12275	1579778520.51	1579806949.87	28429.36415
COFLOWID4	69	146	12275	1579778520.51	1579806949.87	28429.3641541
COFLOWID4	69	147	12275	1579778520.51	1579806949.87	28429.3641572
COFLOWID4	69	148	12275	1579778520.51	1579806949.87	28429.3641601
COFLOWID4	85	3	12275	1579778520.51	1579806976.76	28456.2479939
COFLOWID4	85	6	12275	1579778520.51	1579806976.76	28456.2480161
COFLOWID4	85	9	12275	1579778520.51	1579806976.76	28456.2480211
COFLOWID4	85	19	12275	1579778520.51	1579806976.76	28456.2480249
COFLOWID4	85	24	12275	1579778520.51	1579806976.76	28456.248029
COFLOWID4	85	26	12275	1579778520.51	1579806976.76	28456.2480321
COFLOWID4	85	32	12275	1579778520.51	1579806976.76	28456.2480359
COFLOWID4	85	35	12275	1579778520.51	1579806976.76	28456.248039
COFLOWID4	85	44	12275	1579778520.51	1579806976.76	28456.248064
COFLOWID4	85	47	12275	1579778520.51	1579806976.76	28456.2480681
COFLOWID4	85	59	12275	1579778520.51	1579806976.76	28456.248071
COFLOWID4	85	62	12275	1579778520.51	1579806976.76	28456.2480741
COFLOWID4	85	66	12275	1579778520.51	1579806976.76	28456.2480781
COFLOWID4	85	71	12275	1579778520.51	1579806976.76	28456.248081
COFLOWID4	85	78	12275	1579778520.51	1579806976.76	28456.248085
COFLOWID4	85	90	12275	1579778520.51	1579806976.76	28456.2480881
COFLOWID4	85	91	12275	1579778520.51	1579806976.76	28456.2480919
COFLOWID4	85	100	12275	1579778520.51	1579806976.76	28456.248095
COFLOWID4	85	102	12275	1579778520.51	1579806976.76	28456.2480981
COFLOWID4	85	103	12275	1579778520.51	1579806976.76	28456.2481019
COFLOWID4	85	105	12275	1579778520.51	1579806976.76	28456.248105
COFLOWID4	85	120	12275	1579778520.51	1579806976.76	28456.2481091
COFLOWID4	85	123	12275	1579778520.51	1579806976.76	28456.248112
COFLOWID4	85	127	12275	1579778520.51	1579806976.76	28456.2481151
COFLOWID4	85	128	12275	1579778520.51	1579806976.76	28456.2481191
COFLOWID4	85	132	12275	1579778520.51	1579806976.76	28456.248122
COFLOWID4	85	134	12275	1579778520.51	1579806976.76	28456.2481251
COFLOWID4	85	140	12275	1579778520.51	1579806976.76	28456.2481291
COFLOWID4	85	144	12275	1579778520.51	1579806976.76	28456.248132
COFLOWID4	85	146	12275	1579778520.51	1579806976.76	28456.2481351
COFLOWID4	85	147	12275	1579778520.51	1579806976.76	28456.2481389
COFLOWID4	85	148	12275	1579778520.51	1579806976.76	28456.248142
COFLOWID4	125	3	12275	1579778520.51	1579807003.69	28483.175992
COFLOWID4	125	6	12275	1579778520.51	1579807003.69	28483.1760099
COFLOWID4	125	9	12275	1579778520.51	1579807003.69	28483.1760149
COFLOWID4	125	19	12275	1579778520.51	1579807003.69	28483.176019
COFLOWID4	125	24	12275	1579778520.51	1579807003.69	28483.1760221
COFLOWID4	125	26	12275	1579778520.51	1579807003.69	28483.1760259
COFLOWID4	125	32	12275	1579778520.51	1579807003.69	28483.1760299
COFLOWID4	125	35	12275	1579778520.51	1579807003.69	28483.176034
COFLOWID4	125	44	12275	1579778520.51	1579807003.69	28483.1760371
COFLOWID4	125	47	12275	1579778520.51	1579807003.69	28483.1760409
COFLOWID4	125	59	12275	1579778520.51	1579807003.69	28483.176044
COFLOWID4	125	62	12275	1579778520.51	1579807003.69	28483.1760468
COFLOWID4	125	66	12275	1579778520.51	1579807003.69	28483.1760509
COFLOWID4	125	71	12275	1579778520.51	1579807003.69	28483.176054
COFLOWID4	125	78	12275	1579778520.51	1579807003.69	28483.1760581
COFLOWID4	125	90	12275	1579778520.51	1579807003.69	28483.1760609
COFLOWID4	125	91	12275	1579778520.51	1579807003.69	28483.176065
COFLOWID4	125	100	12275	1579778520.51	1579807003.69	28483.1760681
COFLOWID4	125	102	12275	1579778520.51	1579807003.69	28483.1760731
COFLOWID4	125	103	12275	1579778520.51	1579807003.69	28483.1760759
COFLOWID4	125	105	12275	1579778520.51	1579807003.69	28483.176079
COFLOWID4	125	120	12275	1579778520.51	1579807003.69	28483.1760828
COFLOWID4	125	123	12275	1579778520.51	1579807003.69	28483.1760859
COFLOWID4	125	127	12275	1579778520.51	1579807003.69	28483.17609
COFLOWID4	125	128	12275	1579778520.51	1579807003.69	28483.1760929
COFLOWID4	125	132	12275	1579778520.51	1579807003.69	28483.176096
COFLOWID4	125	134	12275	1579778520.51	1579807003.69	28483.1761
COFLOWID4	125	140	12275	1579778520.51	1579807003.69	28483.1761029
COFLOWID4	125	144	12275	1579778520.51	1579807003.69	28483.1761069
COFLOWID4	125	146	12275	1579778520.51	1579807003.69	28483.17611
COFLOWID4	125	147	12275	1579778520.51	1579807003.69	28483.1761129
COFLOWID4	125	148	12275	1579778520.51	1579807003.69	28483.1761169
COFLOWID4	13	29	13298	1579778483.7	1579808119.86	29636.1607499
COFLOWID4	13	33	13298	1579778483.7	1579808119.86	29636.160769
COFLOWID4	13	37	13298	1579778483.7	1579808119.86	29636.160773
COFLOWID4	13	38	13298	1579778483.7	1579808119.86	29636.1607759
COFLOWID4	13	40	13298	1579778483.7	1579808119.86	29636.160779
COFLOWID4	13	46	13298	1579778483.7	1579808119.86	29636.1607831
COFLOWID4	13	68	13298	1579778483.7	1579808119.86	29636.1607859
COFLOWID4	13	69	13298	1579778483.7	1579808119.86	29636.160789
COFLOWID4	13	74	13298	1579778483.7	1579808119.86	29636.160814
COFLOWID4	13	81	13298	1579778483.7	1579808119.86	29636.1608179
COFLOWID4	69	29	13298	1579778520.51	1579808216.31	29695.7999582
COFLOWID4	69	33	13298	1579778520.51	1579808216.31	29695.7999821
COFLOWID4	69	37	13298	1579778520.51	1579808216.31	29695.7999861
COFLOWID4	69	38	13298	1579778520.51	1579808216.31	29695.7999892
COFLOWID4	69	40	13298	1579778520.51	1579808216.31	29695.7999921
COFLOWID4	69	46	13298	1579778520.51	1579808216.31	29695.7999952
COFLOWID4	69	68	13298	1579778520.51	1579808216.31	29695.799998
COFLOWID4	69	69	13298	1579778520.51	1579808216.31	29695.8000021
COFLOWID4	69	74	13298	1579778520.51	1579808216.31	29695.8000052
COFLOWID4	69	81	13298	1579778520.51	1579808216.31	29695.8000081
COFLOWID4	85	29	13298	1579778520.51	1579808235.89	29715.375999
COFLOWID4	85	33	13298	1579778520.51	1579808235.89	29715.376018
COFLOWID4	85	37	13298	1579778520.51	1579808235.89	29715.3760221
COFLOWID4	85	38	13298	1579778520.51	1579808235.89	29715.3760259
COFLOWID4	85	40	13298	1579778520.51	1579808235.89	29715.376029
COFLOWID4	85	46	13298	1579778520.51	1579808235.89	29715.3760321
COFLOWID4	85	68	13298	1579778520.51	1579808235.89	29715.376035
COFLOWID4	85	69	13298	1579778520.51	1579808235.89	29715.3760381
COFLOWID4	85	74	13298	1579778520.51	1579808235.89	29715.3760409
COFLOWID4	85	81	13298	1579778520.51	1579808235.89	29715.376044
COFLOWID4	125	29	13298	1579778520.51	1579808255.37	29734.8599961
COFLOWID4	125	33	13298	1579778520.51	1579808255.37	29734.8600159
COFLOWID4	125	37	13298	1579778520.51	1579808255.37	29734.8600199
COFLOWID4	125	38	13298	1579778520.51	1579808255.37	29734.860023
COFLOWID4	125	40	13298	1579778520.51	1579808255.37	29734.8600259
COFLOWID4	125	46	13298	1579778520.51	1579808255.37	29734.860029
COFLOWID4	125	68	13298	1579778520.51	1579808255.37	29734.8600321
COFLOWID4	125	69	13298	1579778520.51	1579808255.37	29734.8600349
COFLOWID4	125	74	13298	1579778520.51	1579808255.37	29734.860038
COFLOWID4	125	81	13298	1579778520.51	1579808255.37	29734.8600419
COFLOWID4	13	0	24550	1579778483.7	1579819849.97	41366.2647409
COFLOWID4	13	7	24550	1579778483.7	1579819849.97	41366.2647619
COFLOWID4	13	45	24550	1579778483.7	1579819849.97	41366.264766
COFLOWID4	13	51	24550	1579778483.7	1579819849.97	41366.2647688
COFLOWID4	13	65	24550	1579778483.7	1579819849.97	41366.2647719
COFLOWID4	13	67	24550	1579778483.7	1579819849.97	41366.264775
COFLOWID4	13	70	24550	1579778483.7	1579819849.97	41366.2647779
COFLOWID4	13	83	24550	1579778483.7	1579819849.97	41366.264781
COFLOWID4	13	85	24550	1579778483.7	1579819849.97	41366.2647839
COFLOWID4	13	86	24550	1579778483.7	1579819849.97	41366.264787
COFLOWID4	13	89	24550	1579778483.7	1579819849.97	41366.2647901
COFLOWID4	13	92	24550	1579778483.7	1579819849.97	41366.2647929
COFLOWID4	13	96	24550	1579778483.7	1579819849.97	41366.264796
COFLOWID4	13	101	24550	1579778483.7	1579819849.97	41366.2647989
COFLOWID4	13	108	24550	1579778483.7	1579819849.97	41366.264802
COFLOWID4	13	112	24550	1579778483.7	1579819849.97	41366.2648048
COFLOWID4	13	116	24550	1579778483.7	1579819849.97	41366.2648079
COFLOWID4	13	118	24550	1579778483.7	1579819849.97	41366.264811
COFLOWID4	13	124	24550	1579778483.7	1579819849.97	41366.2648129
COFLOWID4	13	130	24550	1579778483.7	1579819849.97	41366.264816
COFLOWID4	13	133	24550	1579778483.7	1579819849.97	41366.2648189
COFLOWID4	13	136	24550	1579778483.7	1579819849.97	41366.264822
COFLOWID4	13	145	24550	1579778483.7	1579819849.97	41366.2648249
COFLOWID4	69	0	24550	1579778520.51	1579819927.68	41407.167999
COFLOWID4	69	7	24550	1579778520.51	1579819927.68	41407.1680171
COFLOWID4	69	45	24550	1579778520.51	1579819927.68	41407.1680212
COFLOWID4	69	51	24550	1579778520.51	1579819927.68	41407.168025
COFLOWID4	69	65	24550	1579778520.51	1579819927.68	41407.1680281
COFLOWID4	69	67	24550	1579778520.51	1579819927.68	41407.1680312
COFLOWID4	69	70	24550	1579778520.51	1579819927.68	41407.1680341
COFLOWID4	69	83	24550	1579778520.51	1579819927.68	41407.1680381
COFLOWID4	69	85	24550	1579778520.51	1579819927.68	41407.1680412
COFLOWID4	69	86	24550	1579778520.51	1579819927.68	41407.1680441
COFLOWID4	69	89	24550	1579778520.51	1579819927.68	41407.1680672
COFLOWID4	69	92	24550	1579778520.51	1579819927.68	41407.1680701
COFLOWID4	69	96	24550	1579778520.51	1579819927.68	41407.1680732
COFLOWID4	69	101	24550	1579778520.51	1579819927.68	41407.168076
COFLOWID4	69	108	24550	1579778520.51	1579819927.68	41407.1680791
COFLOWID4	69	112	24550	1579778520.51	1579819927.68	41407.1680822
COFLOWID4	69	116	24550	1579778520.51	1579819927.68	41407.1680851
COFLOWID4	69	118	24550	1579778520.51	1579819927.68	41407.1680882
COFLOWID4	69	124	24550	1579778520.51	1579819927.68	41407.1680911
COFLOWID4	69	130	24550	1579778520.51	1579819927.68	41407.1680942
COFLOWID4	69	133	24550	1579778520.51	1579819927.68	41407.168097
COFLOWID4	69	136	24550	1579778520.51	1579819927.68	41407.1681001
COFLOWID4	69	145	24550	1579778520.51	1579819927.68	41407.1681032
COFLOWID4	85	0	24550	1579778520.51	1579819944.28	41423.7720079
COFLOWID4	85	7	24550	1579778520.51	1579819944.28	41423.7720239
COFLOWID4	85	45	24550	1579778520.51	1579819944.28	41423.772028
COFLOWID4	85	51	24550	1579778520.51	1579819944.28	41423.7720311
COFLOWID4	85	65	24550	1579778520.51	1579819944.28	41423.7720339
COFLOWID4	85	67	24550	1579778520.51	1579819944.28	41423.772037
COFLOWID4	85	70	24550	1579778520.51	1579819944.28	41423.7720401
COFLOWID4	85	83	24550	1579778520.51	1579819944.28	41423.772047
COFLOWID4	85	85	24550	1579778520.51	1579819944.28	41423.7720499
COFLOWID4	85	86	24550	1579778520.51	1579819944.28	41423.772053
COFLOWID4	85	89	24550	1579778520.51	1579819944.28	41423.7720561
COFLOWID4	85	92	24550	1579778520.51	1579819944.28	41423.772059
COFLOWID4	85	96	24550	1579778520.51	1579819944.28	41423.7720621
COFLOWID4	85	101	24550	1579778520.51	1579819944.28	41423.772064
COFLOWID4	85	108	24550	1579778520.51	1579819944.28	41423.7720671
COFLOWID4	85	112	24550	1579778520.51	1579819944.28	41423.7720699
COFLOWID4	85	116	24550	1579778520.51	1579819944.28	41423.772073
COFLOWID4	85	118	24550	1579778520.51	1579819944.28	41423.7720761
COFLOWID4	85	124	24550	1579778520.51	1579819944.28	41423.772079
COFLOWID4	85	130	24550	1579778520.51	1579819944.28	41423.7720821
COFLOWID4	85	133	24550	1579778520.51	1579819944.28	41423.772085
COFLOWID4	85	136	24550	1579778520.51	1579819944.28	41423.7720881
COFLOWID4	85	145	24550	1579778520.51	1579819944.28	41423.7720909
COFLOWID4	125	0	24550	1579778520.51	1579819960.93	41440.4159899
COFLOWID4	125	7	24550	1579778520.51	1579819960.93	41440.4160099
COFLOWID4	125	45	24550	1579778520.51	1579819960.93	41440.4160149
COFLOWID4	125	51	24550	1579778520.51	1579819960.93	41440.416018
COFLOWID4	125	65	24550	1579778520.51	1579819960.93	41440.4160209
COFLOWID4	125	67	24550	1579778520.51	1579819960.93	41440.416024
COFLOWID4	125	70	24550	1579778520.51	1579819960.93	41440.4160271
COFLOWID4	125	83	24550	1579778520.51	1579819960.93	41440.4160299
COFLOWID4	125	85	24550	1579778520.51	1579819960.93	41440.416034
COFLOWID4	125	86	24550	1579778520.51	1579819960.93	41440.4160359
COFLOWID4	125	89	24550	1579778520.51	1579819960.93	41440.416039
COFLOWID4	125	92	24550	1579778520.51	1579819960.93	41440.4160419
COFLOWID4	125	96	24550	1579778520.51	1579819960.93	41440.416045
COFLOWID4	125	101	24550	1579778520.51	1579819960.93	41440.416048
COFLOWID4	125	108	24550	1579778520.51	1579819960.93	41440.4160509
COFLOWID4	125	112	24550	1579778520.51	1579819960.93	41440.416054
COFLOWID4	125	116	24550	1579778520.51	1579819960.93	41440.4160569
COFLOWID4	125	118	24550	1579778520.51	1579819960.93	41440.41606
COFLOWID4	125	124	24550	1579778520.51	1579819960.93	41440.4160631
COFLOWID4	125	130	24550	1579778520.51	1579819960.93	41440.4160659
COFLOWID4	125	133	24550	1579778520.51	1579819960.93	41440.416069
COFLOWID4	125	136	24550	1579778520.51	1579819960.93	41440.4160709
COFLOWID4	125	145	24550	1579778520.51	1579819960.93	41440.416074
COFLOWID4	13	5	25573	1579778483.7	1579820610.89	42127.192771
COFLOWID4	13	10	25573	1579778483.7	1579820610.89	42127.1927929
COFLOWID4	13	21	25573	1579778483.7	1579820610.89	42127.1927969
COFLOWID4	13	31	25573	1579778483.7	1579820610.89	42127.1928
COFLOWID4	13	34	25573	1579778483.7	1579820610.89	42127.1928279
COFLOWID4	13	43	25573	1579778483.7	1579820610.89	42127.192831
COFLOWID4	13	49	25573	1579778483.7	1579820610.89	42127.1928339
COFLOWID4	13	53	25573	1579778483.7	1579820610.89	42127.192837
COFLOWID4	13	76	25573	1579778483.7	1579820610.89	42127.1928389
COFLOWID4	13	77	25573	1579778483.7	1579820610.89	42127.192843
COFLOWID4	69	5	25573	1579778520.51	1579820665.97	42145.4560051
COFLOWID4	69	10	25573	1579778520.51	1579820665.97	42145.4560251
COFLOWID4	69	21	25573	1579778520.51	1579820665.97	42145.4560292
COFLOWID4	69	31	25573	1579778520.51	1579820665.97	42145.456032
COFLOWID4	69	34	25573	1579778520.51	1579820665.97	42145.4560351
COFLOWID4	69	43	25573	1579778520.51	1579820665.97	42145.4560382
COFLOWID4	69	49	25573	1579778520.51	1579820665.97	42145.4560401
COFLOWID4	69	53	25573	1579778520.51	1579820665.97	42145.456043
COFLOWID4	69	76	25573	1579778520.51	1579820665.97	42145.4560461
COFLOWID4	69	77	25573	1579778520.51	1579820665.97	42145.456048
COFLOWID4	85	5	25573	1579778520.51	1579820677.33	42156.8159931
COFLOWID4	85	10	25573	1579778520.51	1579820677.33	42156.8160191
COFLOWID4	85	21	25573	1579778520.51	1579820677.33	42156.8160241
COFLOWID4	85	31	25573	1579778520.51	1579820677.33	42156.8160281
COFLOWID4	85	34	25573	1579778520.51	1579820677.33	42156.8160331
COFLOWID4	85	43	25573	1579778520.51	1579820677.33	42156.8160369
COFLOWID4	85	49	25573	1579778520.51	1579820677.33	42156.8160419
COFLOWID4	85	53	25573	1579778520.51	1579820677.33	42156.816046
COFLOWID4	85	76	25573	1579778520.51	1579820677.33	42156.816051
COFLOWID4	85	77	25573	1579778520.51	1579820677.33	42156.8160551
COFLOWID4	125	5	25573	1579778520.51	1579820688.57	42168.0559909
COFLOWID4	125	10	25573	1579778520.51	1579820688.57	42168.0560079
COFLOWID4	125	21	25573	1579778520.51	1579820688.57	42168.0560119
COFLOWID4	125	31	25573	1579778520.51	1579820688.57	42168.056015
COFLOWID4	125	34	25573	1579778520.51	1579820688.57	42168.0560179
COFLOWID4	125	43	25573	1579778520.51	1579820688.57	42168.05602
COFLOWID4	125	49	25573	1579778520.51	1579820688.57	42168.0560229
COFLOWID4	125	53	25573	1579778520.51	1579820688.57	42168.056026
COFLOWID4	125	76	25573	1579778520.51	1579820688.57	42168.0560291
COFLOWID4	125	77	25573	1579778520.51	1579820688.57	42168.056031
COFLOWID4	13	1	36826	1579778483.7	1579827108.26	48624.5567479
COFLOWID4	13	2	36826	1579778483.7	1579827108.26	48624.5567689
COFLOWID4	13	4	36826	1579778483.7	1579827108.26	48624.5567729
COFLOWID4	13	8	36826	1579778483.7	1579827108.26	48624.5567749
COFLOWID4	13	13	36826	1579778483.7	1579827108.26	48624.556778
COFLOWID4	13	15	36826	1579778483.7	1579827108.26	48624.5567811
COFLOWID4	13	23	36826	1579778483.7	1579827108.26	48624.556783
COFLOWID4	13	28	36826	1579778483.7	1579827108.26	48624.5567858
COFLOWID4	13	73	36826	1579778483.7	1579827108.26	48624.5567889
COFLOWID4	13	84	36826	1579778483.7	1579827108.26	48624.5567908
COFLOWID4	13	93	36826	1579778483.7	1579827108.26	48624.5567939
COFLOWID4	13	94	36826	1579778483.7	1579827108.26	48624.5567958
COFLOWID4	13	97	36826	1579778483.7	1579827108.26	48624.5567989
COFLOWID4	13	98	36826	1579778483.7	1579827108.26	48624.5568008
COFLOWID4	13	99	36826	1579778483.7	1579827108.26	48624.5568039
COFLOWID4	13	107	36826	1579778483.7	1579827108.26	48624.5568058
COFLOWID4	13	113	36826	1579778483.7	1579827108.26	48624.5568089
COFLOWID4	13	114	36826	1579778483.7	1579827108.26	48624.5568109
COFLOWID4	13	115	36826	1579778483.7	1579827108.26	48624.556814
COFLOWID4	13	119	36826	1579778483.7	1579827108.26	48624.5568159
COFLOWID4	13	129	36826	1579778483.7	1579827108.26	48624.556819
COFLOWID4	13	135	36826	1579778483.7	1579827108.26	48624.5568209
COFLOWID4	13	141	36826	1579778483.7	1579827108.26	48624.556824
COFLOWID4	69	1	36826	1579778520.51	1579827148.47	48627.9640002
COFLOWID4	69	2	36826	1579778520.51	1579827148.47	48627.9640181
COFLOWID4	69	4	36826	1579778520.51	1579827148.47	48627.9640222
COFLOWID4	69	8	36826	1579778520.51	1579827148.47	48627.964025
COFLOWID4	69	13	36826	1579778520.51	1579827148.47	48627.9640272
COFLOWID4	69	15	36826	1579778520.51	1579827148.47	48627.96403
COFLOWID4	69	23	36826	1579778520.51	1579827148.47	48627.9640551
COFLOWID4	69	28	36826	1579778520.51	1579827148.47	48627.9640582
COFLOWID4	69	73	36826	1579778520.51	1579827148.47	48627.964061
COFLOWID4	69	84	36826	1579778520.51	1579827148.47	48627.9640641
COFLOWID4	69	93	36826	1579778520.51	1579827148.47	48627.964066
COFLOWID4	69	94	36826	1579778520.51	1579827148.47	48627.9640691
COFLOWID4	69	97	36826	1579778520.51	1579827148.47	48627.964071
COFLOWID4	69	98	36826	1579778520.51	1579827148.47	48627.9640741
COFLOWID4	69	99	36826	1579778520.51	1579827148.47	48627.964076
COFLOWID4	69	107	36826	1579778520.51	1579827148.47	48627.9640782
COFLOWID4	69	113	36826	1579778520.51	1579827148.47	48627.964081
COFLOWID4	69	114	36826	1579778520.51	1579827148.47	48627.9640841
COFLOWID4	69	115	36826	1579778520.51	1579827148.47	48627.9640861
COFLOWID4	69	119	36826	1579778520.51	1579827148.47	48627.9640892
COFLOWID4	69	129	36826	1579778520.51	1579827148.47	48627.9640911
COFLOWID4	69	135	36826	1579778520.51	1579827148.47	48627.9640942
COFLOWID4	69	141	36826	1579778520.51	1579827148.47	48627.9640961
COFLOWID4	85	1	36826	1579778520.51	1579827157.71	48637.1959879
COFLOWID4	85	2	36826	1579778520.51	1579827157.71	48637.196003
COFLOWID4	85	4	36826	1579778520.51	1579827157.71	48637.196007
COFLOWID4	85	8	36826	1579778520.51	1579827157.71	48637.1960101
COFLOWID4	85	13	36826	1579778520.51	1579827157.71	48637.196013
COFLOWID4	85	15	36826	1579778520.51	1579827157.71	48637.1960151
COFLOWID4	85	23	36826	1579778520.51	1579827157.71	48637.196018
COFLOWID4	85	28	36826	1579778520.51	1579827157.71	48637.1960211
COFLOWID4	85	73	36826	1579778520.51	1579827157.71	48637.196023
COFLOWID4	85	84	36826	1579778520.51	1579827157.71	48637.1960261
COFLOWID4	85	93	36826	1579778520.51	1579827157.71	48637.1960289
COFLOWID4	85	94	36826	1579778520.51	1579827157.71	48637.1960311
COFLOWID4	85	97	36826	1579778520.51	1579827157.71	48637.196034
COFLOWID4	85	98	36826	1579778520.51	1579827157.71	48637.1960361
COFLOWID4	85	99	36826	1579778520.51	1579827157.71	48637.196038
COFLOWID4	85	107	36826	1579778520.51	1579827157.71	48637.1960411
COFLOWID4	85	113	36826	1579778520.51	1579827157.71	48637.196043
COFLOWID4	85	114	36826	1579778520.51	1579827157.71	48637.1960461
COFLOWID4	85	115	36826	1579778520.51	1579827157.71	48637.196048
COFLOWID4	85	119	36826	1579778520.51	1579827157.71	48637.1960511
COFLOWID4	85	129	36826	1579778520.51	1579827157.71	48637.196053
COFLOWID4	85	135	36826	1579778520.51	1579827157.71	48637.1960561
COFLOWID4	85	141	36826	1579778520.51	1579827157.71	48637.196058
COFLOWID4	125	1	36826	1579778520.51	1579827166.92	48646.408
COFLOWID4	125	2	36826	1579778520.51	1579827166.92	48646.4080229
COFLOWID4	125	4	36826	1579778520.51	1579827166.92	48646.4080319
COFLOWID4	125	8	36826	1579778520.51	1579827166.92	48646.408035
COFLOWID4	125	13	36826	1579778520.51	1579827166.92	48646.4080379
COFLOWID4	125	15	36826	1579778520.51	1579827166.92	48646.408041
COFLOWID4	125	23	36826	1579778520.51	1579827166.92	48646.4080439
COFLOWID4	125	28	36826	1579778520.51	1579827166.92	48646.408047
COFLOWID4	125	73	36826	1579778520.51	1579827166.92	48646.4080501
COFLOWID4	125	84	36826	1579778520.51	1579827166.92	48646.4080529
COFLOWID4	125	93	36826	1579778520.51	1579827166.92	48646.408056
COFLOWID4	125	94	36826	1579778520.51	1579827166.92	48646.4080579
COFLOWID4	125	97	36826	1579778520.51	1579827166.92	48646.408061
COFLOWID4	125	98	36826	1579778520.51	1579827166.92	48646.4080639
COFLOWID4	125	99	36826	1579778520.51	1579827166.92	48646.408066
COFLOWID4	125	107	36826	1579778520.51	1579827166.92	48646.4080689
COFLOWID4	125	113	36826	1579778520.51	1579827166.92	48646.408072
COFLOWID4	125	114	36826	1579778520.51	1579827166.92	48646.4080739
COFLOWID4	125	115	36826	1579778520.51	1579827166.92	48646.408077
COFLOWID4	125	119	36826	1579778520.51	1579827166.92	48646.4080799
COFLOWID4	125	129	36826	1579778520.51	1579827166.92	48646.408083
COFLOWID4	125	135	36826	1579778520.51	1579827166.92	48646.4080849
COFLOWID4	125	141	36826	1579778520.51	1579827166.92	48646.408088
COFLOWID4	13	56	37849	1579778483.7	1579827397.37	48913.66875
COFLOWID4	13	80	37849	1579778483.7	1579827397.37	48913.6687989
COFLOWID4	69	56	37849	1579778520.51	1579827417.16	48896.6480021
COFLOWID4	69	80	37849	1579778520.51	1579827417.16	48896.6480222
COFLOWID4	85	56	37849	1579778520.51	1579827421.21	48900.6999969
COFLOWID4	85	80	37849	1579778520.51	1579827421.21	48900.7000129
COFLOWID4	125	56	37849	1579778520.51	1579827425.07	48904.5559931
COFLOWID4	125	80	37849	1579778520.51	1579827425.07	48904.5560069
COFLOWID4	13	11	49101	1579778483.7	1579829928.63	51444.9287479
COFLOWID4	13	18	49101	1579778483.7	1579829928.63	51444.9287651
COFLOWID4	13	22	49101	1579778483.7	1579829928.63	51444.9287689
COFLOWID4	13	55	49101	1579778483.7	1579829928.63	51444.928771
COFLOWID4	13	88	49101	1579778483.7	1579829928.63	51444.9287739
COFLOWID4	13	104	49101	1579778483.7	1579829928.63	51444.928777
COFLOWID4	13	109	49101	1579778483.7	1579829928.63	51444.9287789
COFLOWID4	13	143	49101	1579778483.7	1579829928.63	51444.928782
COFLOWID4	69	11	49101	1579778520.51	1579829945.5	51424.991997
COFLOWID4	69	18	49101	1579778520.51	1579829945.5	51424.992012
COFLOWID4	69	22	49101	1579778520.51	1579829945.5	51424.9920151
COFLOWID4	69	55	49101	1579778520.51	1579829945.5	51424.9920182
COFLOWID4	69	88	49101	1579778520.51	1579829945.5	51424.9920201
COFLOWID4	69	104	49101	1579778520.51	1579829945.5	51424.9920232
COFLOWID4	69	109	49101	1579778520.51	1579829945.5	51424.9920251
COFLOWID4	69	143	49101	1579778520.51	1579829945.5	51424.9920282
COFLOWID4	85	11	49101	1579778520.51	1579829949.07	51428.5560081
COFLOWID4	85	18	49101	1579778520.51	1579829949.07	51428.5560231
COFLOWID4	85	22	49101	1579778520.51	1579829949.07	51428.5560269
COFLOWID4	85	55	49101	1579778520.51	1579829949.07	51428.55603
COFLOWID4	85	88	49101	1579778520.51	1579829949.07	51428.5560319
COFLOWID4	85	104	49101	1579778520.51	1579829949.07	51428.556035
COFLOWID4	85	109	49101	1579778520.51	1579829949.07	51428.5560369
COFLOWID4	85	143	49101	1579778520.51	1579829949.07	51428.55604
COFLOWID4	125	11	49101	1579778520.51	1579829952.73	51432.2159901
COFLOWID4	125	18	49101	1579778520.51	1579829952.73	51432.216012
COFLOWID4	125	22	49101	1579778520.51	1579829952.73	51432.2160161
COFLOWID4	125	55	49101	1579778520.51	1579829952.73	51432.216018
COFLOWID4	125	88	49101	1579778520.51	1579829952.73	51432.2160211
COFLOWID4	125	104	49101	1579778520.51	1579829952.73	51432.216023
COFLOWID4	125	109	49101	1579778520.51	1579829952.73	51432.2160261
COFLOWID4	125	143	49101	1579778520.51	1579829952.73	51432.216028
COFLOWID4	13	17	61377	1579778483.7	1579831262.71	52779.0048199
COFLOWID4	13	25	61377	1579778483.7	1579831262.71	52779.004837
COFLOWID4	13	79	61377	1579778483.7	1579831262.71	52779.0048409
COFLOWID4	13	87	61377	1579778483.7	1579831262.71	52779.004844
COFLOWID4	13	117	61377	1579778483.7	1579831262.71	52779.0048459
COFLOWID4	13	126	61377	1579778483.7	1579831262.71	52779.004849
COFLOWID4	69	17	61377	1579778520.51	1579831269.75	52749.240061
COFLOWID4	69	25	61377	1579778520.51	1579831269.75	52749.2400761
COFLOWID4	69	79	61377	1579778520.51	1579831269.75	52749.2400811
COFLOWID4	69	87	61377	1579778520.51	1579831269.75	52749.2400842
COFLOWID4	69	117	61377	1579778520.51	1579831269.75	52749.240087
COFLOWID4	69	126	61377	1579778520.51	1579831269.75	52749.2400901
COFLOWID4	85	17	61377	1579778520.51	1579831271.42	52750.912051
COFLOWID4	85	25	61377	1579778520.51	1579831271.42	52750.912065
COFLOWID4	85	79	61377	1579778520.51	1579831271.42	52750.9120691
COFLOWID4	85	87	61377	1579778520.51	1579831271.42	52750.9120731
COFLOWID4	85	117	61377	1579778520.51	1579831271.42	52750.912076
COFLOWID4	85	126	61377	1579778520.51	1579831271.42	52750.9120791
COFLOWID4	125	17	61377	1579778520.51	1579831273.08	52752.5680449
COFLOWID4	125	25	61377	1579778520.51	1579831273.08	52752.568059
COFLOWID4	125	79	61377	1579778520.51	1579831273.08	52752.568063
COFLOWID4	125	87	61377	1579778520.51	1579831273.08	52752.5680659
COFLOWID4	125	117	61377	1579778520.51	1579831273.08	52752.568069
COFLOWID4	125	126	61377	1579778520.51	1579831273.08	52752.5680721
COFLOWID4	13	12	62400	1579778483.7	1579831296.49	52812.7847118
COFLOWID4	69	12	62400	1579778520.51	1579831298.29	52777.7799792
COFLOWID4	85	12	62400	1579778520.51	1579831298.68	52778.171978
COFLOWID4	125	12	62400	1579778520.51	1579831299.06	52778.548002
COFLOWID4	13	138	73716	1579778483.7	1579831441.38	52957.6767318
COFLOWID4	69	138	73716	1579778520.51	1579831442.17	52921.6599801
COFLOWID4	85	138	73716	1579778520.51	1579831442.35	52921.8399811
COFLOWID4	125	138	73716	1579778520.51	1579831442.53	52922.02
